flow0.0|2415.85|1578.09|0|0.252865|-2.78968
flow0.0|2415.8|1578.11|0|0.497663|-2.78968
flow0.0|2415.73|1578.14|0|0.730569|-2.78968
flow0.0|2415.64|1578.17|0|0.948754|-2.78968
flow0.0|2415.53|1578.21|0|1.17232|-2.78968
flow0.0|2415.4|1578.26|0|1.37088|-2.78968
flow0.0|2415.25|1578.31|0|1.58645|-2.78968
flow0.0|2415.09|1578.37|0|1.76823|-2.78968
flow0.0|2414.9|1578.44|0|1.98527|-2.78968
flow0.0|2414.7|1578.52|0|2.17526|-2.78968
flow0.0|2414.48|1578.6|0|2.35662|-2.78968
flow0.0|2414.24|1578.69|0|2.56665|-2.78968
flow0.0|2413.98|1578.78|0|2.76976|-2.78968
flow0.0|2413.69|1578.88|0|2.99108|-2.78968
flow0.0|2413.4|1578.99|0|3.13515|-2.78968
flow0.0|2413.08|1579.11|0|3.38778|-2.78968
flow0.0|2412.75|1579.23|0|3.5225|-2.78968
flow0.0|2412.4|1579.36|0|3.74706|-2.78968
flow0.0|2412.03|1579.5|0|3.95721|-2.78968
flow0.0|2411.64|1579.64|0|4.15511|-2.78968
flow0.0|2411.23|1579.79|0|4.31219|-2.78968
flow0.0|2410.81|1579.94|0|4.46661|-2.78968
flow0.0|2410.38|1580.1|0|4.65785|-2.78968
flow0.0|2409.92|1580.27|0|4.85545|-2.78968
flow0.0|2409.45|1580.44|0|5.04161|-2.78968
flow0.0|2408.96|1580.63|0|5.25055|-2.78968
flow0.0|2408.45|1580.81|0|5.39022|-2.78968
flow0.0|2407.93|1581|0|5.54153|-2.78968
flow0.0|2407.43|1581.28|0|5.79229|-2.75409
flow0.0|2407.01|1581.71|0|6.00843|-2.64859
flow0.0|2406.57|1582.15|0|6.2571|-2.53686
flow0.1|2415.85|1578.09|0|0.251574|-2.78968
flow0.0|2406.11|1582.61|0|6.51448|-2.42145
flow0.1|2415.8|1578.11|0|0.502155|-2.78968
flow0.0|2405.65|1583.09|0|6.66624|-2.3498
flow0.1|2415.73|1578.14|0|0.72568|-2.78968
flow0.0|2405.17|1583.57|0|6.82507|-2.3498
flow0.1|2415.64|1578.17|0|0.978763|-2.78968
flow0.0|2404.68|1584.07|0|6.97197|-2.3498
flow0.1|2415.53|1578.21|0|1.18487|-2.78968
flow0.0|2404.18|1584.58|0|7.10475|-2.3498
flow0.1|2415.4|1578.26|0|1.41066|-2.78968
flow0.0|2403.67|1585.09|0|7.26086|-2.3498
flow0.1|2415.24|1578.32|0|1.60375|-2.78968
flow0.0|2403.14|1585.62|0|7.46087|-2.3498
flow0.1|2415.07|1578.38|0|1.81525|-2.78968
flow0.0|2402.61|1586.17|0|7.6194|-2.3498
flow0.1|2414.89|1578.45|0|2.00481|-2.78968
flow0.0|2402.06|1586.72|0|7.86403|-2.3498
flow0.1|2414.68|1578.52|0|2.1832|-2.78968
flow0.0|2401.49|1587.3|0|8.04084|-2.3498
flow0.1|2414.46|1578.6|0|2.3721|-2.78968
flow0.0|2400.91|1587.89|0|8.2822|-2.3498
flow0.1|2414.22|1578.69|0|2.56225|-2.78968
flow0.0|2400.32|1588.49|0|8.41939|-2.3498
flow0.1|2413.96|1578.79|0|2.72363|-2.78968
flow0.0|2399.71|1589.1|0|8.61155|-2.3498
flow0.1|2413.68|1578.89|0|2.96986|-2.78968
flow0.0|2399.09|1589.73|0|8.81765|-2.3498
flow0.1|2413.39|1579|0|3.16829|-2.78968
flow0.0|2398.46|1590.37|0|9.04325|-2.3498
flow0.1|2413.07|1579.12|0|3.40407|-2.78968
flow0.0|2397.81|1591.02|0|9.2026|-2.3498
flow0.1|2412.73|1579.24|0|3.56827|-2.78968
flow0.0|2397.15|1591.69|0|9.4033|-2.3498
flow0.1|2412.37|1579.37|0|3.80012|-2.78968
flow0.0|2396.48|1592.38|0|9.58941|-2.3498
flow0.1|2412|1579.51|0|4.04254|-2.78968
flow0.0|2395.79|1593.08|0|9.84697|-2.3498
flow0.1|2411.6|1579.66|0|4.2604|-2.78968
flow0.0|2395.08|1593.79|0|10.0267|-2.3498
flow0.1|2411.17|1579.81|0|4.50094|-2.78968
flow0.0|2394.36|1594.52|0|10.2071|-2.3498
flow0.1|2410.73|1579.97|0|4.73204|-2.78968
flow0.0|2393.63|1595.26|0|10.3869|-2.3498
flow0.1|2410.26|1580.14|0|4.9418|-2.78968
flow0.0|2392.89|1596|0|10.5242|-2.3498
flow0.1|2409.79|1580.32|0|5.08446|-2.78968
flow0.0|2392.14|1596.77|0|10.6956|-2.3498
flow0.1|2409.29|1580.5|0|5.28596|-2.78968
flow0.0|2391.38|1597.54|0|10.9088|-2.3498
flow0.1|2408.78|1580.69|0|5.46627|-2.78968
flow0.0|2390.6|1598.33|0|11.112|-2.3498
flow0.1|2408.25|1580.88|0|5.60896|-2.78968
flow0.0|2389.8|1599.13|0|11.2813|-2.3498
flow0.1|2407.7|1581.09|0|5.85605|-2.78968
flow0.0|2388.99|1599.96|0|11.5335|-2.3498
flow0.1|2407.25|1581.46|0|5.98998|-2.70857
flow0.0|2388.17|1600.79|0|11.7068|-2.3498
flow0.1|2406.82|1581.9|0|6.16507|-2.59921
flow0.0|2387.34|1601.63|0|11.8796|-2.3498
flow0.1|2406.37|1582.36|0|6.40285|-2.48492
flow0.2|2415.85|1578.1|0|0.257265|-2.78968
flow0.0|2386.49|1602.49|0|12.0931|-2.3498
flow0.1|2405.9|1582.83|0|6.64609|-2.36861
flow0.2|2415.8|1578.11|0|0.49785|-2.78968
flow0.0|2385.62|1603.37|0|12.3121|-2.3498
flow0.1|2405.42|1583.32|0|6.82707|-2.3498
flow0.2|2415.73|1578.14|0|0.744068|-2.78968
flow0.0|2384.74|1604.26|0|12.5298|-2.3498
flow0.1|2404.93|1583.82|0|7.01295|-2.3498
flow0.2|2415.63|1578.17|0|1.00214|-2.78968
flow0.0|2383.85|1605.17|0|12.7328|-2.3498
flow0.1|2404.42|1584.33|0|7.19049|-2.3498
flow0.2|2415.52|1578.21|0|1.19977|-2.78968
flow0.0|2382.94|1606.08|0|12.8681|-2.3498
flow0.1|2403.9|1584.86|0|7.43723|-2.3498
flow0.2|2415.39|1578.26|0|1.41212|-2.78968
flow0.0|2382.02|1607.02|0|13.101|-2.3498
flow0.1|2403.37|1585.4|0|7.61467|-2.3498
flow0.2|2415.23|1578.32|0|1.65863|-2.78968
flow0.0|2381.09|1607.96|0|13.2316|-2.3498
flow0.1|2402.82|1585.95|0|7.78977|-2.3498
flow0.2|2415.06|1578.38|0|1.86282|-2.78968
flow0.0|2380.15|1608.92|0|13.4587|-2.3498
flow0.1|2402.26|1586.52|0|7.9959|-2.3498
flow0.2|2414.86|1578.46|0|2.07332|-2.78968
flow0.0|2379.19|1609.89|0|13.657|-2.3498
flow0.1|2401.68|1587.11|0|8.22412|-2.3498
flow0.2|2414.65|1578.53|0|2.26058|-2.78968
flow0.0|2378.21|1610.87|0|13.8693|-2.3498
flow0.1|2401.09|1587.71|0|8.44018|-2.3498
flow0.2|2414.42|1578.62|0|2.50667|-2.78968
flow0.0|2377.24|1611.86|0|13.8023|-2.3498
flow0.1|2400.48|1588.32|0|8.61486|-2.3498
flow0.2|2414.16|1578.71|0|2.72543|-2.78968
flow0.0|2376.27|1612.84|0|13.872|-2.3498
flow0.1|2399.86|1588.94|0|8.77367|-2.3498
flow0.2|2413.88|1578.82|0|2.95988|-2.78968
flow0.0|2375.3|1613.82|0|13.7666|-2.3498
flow0.1|2399.23|1589.58|0|8.98574|-2.3498
flow0.2|2413.59|1578.92|0|3.13375|-2.78968
flow0.0|2374.33|1614.8|0|13.7833|-2.3498
flow0.1|2398.58|1590.24|0|9.24398|-2.3498
flow0.2|2413.27|1579.04|0|3.38112|-2.78968
flow0.0|2373.36|1615.79|0|13.809|-2.3498
flow0.1|2397.92|1590.91|0|9.39504|-2.3498
flow0.2|2412.94|1579.16|0|3.55355|-2.78968
flow0.0|2372.39|1616.77|0|13.8775|-2.3498
flow0.1|2397.25|1591.59|0|9.52869|-2.3498
flow0.2|2412.59|1579.29|0|3.68661|-2.78968
flow0.0|2371.42|1617.75|0|13.7758|-2.3498
flow0.1|2396.57|1592.28|0|9.72777|-2.3498
flow0.2|2412.23|1579.42|0|3.88036|-2.78968
flow0.0|2370.45|1618.73|0|13.763|-2.3498
flow0.1|2395.87|1592.99|0|9.98052|-2.3498
flow0.2|2411.85|1579.56|0|4.06173|-2.78968
flow0.0|2369.48|1619.72|0|13.8313|-2.3498
flow0.1|2395.16|1593.71|0|10.1444|-2.3498
flow0.2|2411.44|1579.71|0|4.31913|-2.78968
flow0.0|2368.51|1620.71|0|13.8849|-2.3498
flow0.1|2394.43|1594.45|0|10.347|-2.3498
flow0.2|2411.01|1579.87|0|4.54236|-2.78968
flow0.0|2367.54|1621.68|0|13.7627|-2.3498
flow0.1|2393.69|1595.2|0|10.5914|-2.3498
flow0.2|2410.57|1580.03|0|4.75564|-2.78968
flow0.0|2366.57|1622.67|0|13.8515|-2.3498
flow0.1|2392.93|1595.97|0|10.7889|-2.3498
flow0.2|2410.1|1580.21|0|5.0002|-2.78968
flow0.0|2365.6|1623.65|0|13.8005|-2.3498
flow0.1|2392.15|1596.75|0|11.0075|-2.3498
flow0.2|2409.62|1580.38|0|5.14574|-2.78968
flow0.0|2364.63|1624.64|0|13.8361|-2.3498
flow0.1|2391.37|1597.55|0|11.1481|-2.3498
flow0.2|2409.11|1580.57|0|5.3974|-2.78968
flow0.0|2363.65|1625.62|0|13.8618|-2.3498
flow0.1|2390.58|1598.35|0|11.3181|-2.3498
flow0.2|2408.59|1580.76|0|5.58393|-2.78968
flow0.0|2362.68|1626.61|0|13.8163|-2.3498
flow0.1|2389.77|1599.17|0|11.4657|-2.3498
flow0.2|2408.04|1580.96|0|5.80943|-2.78968
flow0.0|2361.71|1627.59|0|13.8238|-2.3498
flow0.1|2388.95|1600|0|11.6576|-2.3498
flow0.2|2407.51|1581.2|0|5.95025|-2.77172
flow0.0|2360.74|1628.58|0|13.8778|-2.3498
flow0.1|2388.12|1600.84|0|11.7979|-2.3498
flow0.2|2407.08|1581.64|0|6.13538|-2.6645
flow0.0|2359.76|1629.57|0|13.8792|-2.3498
flow0.1|2387.28|1601.69|0|11.9371|-2.3498
flow0.2|2406.63|1582.09|0|6.35928|-2.55107
flow0.0|2358.79|1630.55|0|13.8486|-2.3498
flow0.1|2386.43|1602.55|0|12.1959|-2.3498
flow0.2|2406.17|1582.56|0|6.53251|-2.43506
flow0.3|2415.85|1578.09|0|0.24905|-2.78968
flow0.0|2357.81|1631.54|0|13.8729|-2.3498
flow0.1|2385.56|1603.43|0|12.3717|-2.3498
flow0.2|2405.7|1583.04|0|6.69939|-2.3498
flow0.3|2415.8|1578.11|0|0.487634|-2.78968
flow0.0|2356.84|1632.52|0|13.8524|-2.3498
flow0.1|2384.67|1604.33|0|12.5973|-2.3498
flow0.2|2405.21|1583.53|0|6.93557|-2.3498
flow0.3|2415.73|1578.14|0|0.732763|-2.78968
flow0.0|2355.87|1633.51|0|13.8138|-2.3498
flow0.1|2383.78|1605.24|0|12.7854|-2.3498
flow0.2|2404.71|1584.04|0|7.19296|-2.3498
flow0.3|2415.64|1578.17|0|0.984576|-2.78968
flow0.0|2354.9|1634.49|0|13.7822|-2.3498
flow0.1|2382.86|1606.17|0|12.9974|-2.3498
flow0.2|2404.18|1584.57|0|7.45235|-2.3498
flow0.3|2415.52|1578.21|0|1.23546|-2.78968
flow0.0|2353.93|1635.47|0|13.8019|-2.3498
flow0.1|2381.94|1607.1|0|13.1833|-2.3498
flow0.2|2403.64|1585.12|0|7.67725|-2.3498
flow0.3|2415.39|1578.26|0|1.44284|-2.78968
flow0.0|2352.96|1636.45|0|13.7944|-2.3498
flow0.1|2380.99|1608.06|0|13.4058|-2.3498
flow0.2|2403.09|1585.67|0|7.81216|-2.3498
flow0.3|2415.23|1578.32|0|1.66595|-2.78968
flow0.0|2351.99|1637.44|0|13.8577|-2.3498
flow0.1|2380.04|1609.02|0|13.5675|-2.3498
flow0.2|2402.53|1586.24|0|7.99726|-2.3498
flow0.3|2415.05|1578.39|0|1.88781|-2.78968
flow0.0|2351.04|1638.4|0|13.4863|-2.3498
flow0.1|2379.08|1610|0|13.711|-2.3498
flow0.2|2401.96|1586.82|0|8.18287|-2.3498
flow0.3|2414.86|1578.46|0|2.07919|-2.78968
flow0.0|2350.11|1639.33|0|13.19|-2.3498
flow0.1|2378.11|1610.98|0|13.7741|-2.3498
flow0.2|2401.37|1587.42|0|8.31901|-2.3498
flow0.3|2414.65|1578.54|0|2.25965|-2.78968
flow0.0|2349.21|1640.25|0|12.8183|-2.3498
flow0.1|2377.14|1611.96|0|13.8316|-2.3498
flow0.2|2400.78|1588.02|0|8.46898|-2.3498
flow0.3|2414.42|1578.62|0|2.39637|-2.78968
flow0.0|2348.34|1641.13|0|12.4465|-2.3498
flow0.1|2376.16|1612.95|0|13.8749|-2.3498
flow0.2|2400.17|1588.64|0|8.69031|-2.3498
flow0.3|2414.18|1578.71|0|2.55666|-2.78968
flow0.0|2347.49|1641.99|0|12.0952|-2.3498
flow0.1|2375.19|1613.93|0|13.8365|-2.3498
flow0.2|2399.54|1589.27|0|8.89877|-2.3498
flow0.3|2413.93|1578.8|0|2.72885|-2.78968
flow0.0|2346.66|1642.83|0|11.7519|-2.3498
flow0.1|2374.22|1614.92|0|13.8575|-2.3498
flow0.2|2398.9|1589.92|0|9.0832|-2.3498
flow0.3|2413.65|1578.9|0|2.94813|-2.78968
flow0.0|2345.86|1643.64|0|11.4208|-2.3498
flow0.1|2373.25|1615.9|0|13.7645|-2.3498
flow0.2|2398.25|1590.58|0|9.25317|-2.3498
flow0.3|2413.36|1579.01|0|3.13163|-2.78968
flow0.0|2345.08|1644.43|0|11.1137|-2.3498
flow0.1|2372.28|1616.88|0|13.8042|-2.3498
flow0.2|2397.59|1591.25|0|9.448|-2.3498
flow0.3|2413.04|1579.12|0|3.32232|-2.78968
flow0.0|2344.33|1645.2|0|10.7568|-2.3498
flow0.1|2371.31|1617.87|0|13.86|-2.3498
flow0.2|2396.91|1591.93|0|9.62428|-2.3498
flow0.3|2412.71|1579.25|0|3.53098|-2.78968
flow0.0|2343.59|1645.95|0|10.5025|-2.3498
flow0.1|2370.34|1618.85|0|13.8096|-2.3498
flow0.2|2396.23|1592.63|0|9.80545|-2.3498
flow0.3|2412.36|1579.37|0|3.72925|-2.78968
flow0.0|2342.89|1646.69|0|10.2333|-2.33784
flow0.1|2369.37|1619.84|0|13.8289|-2.3498
flow0.2|2395.52|1593.34|0|10.0262|-2.3498
flow0.3|2412|1579.51|0|3.89616|-2.78968
flow0.0|2342.29|1647.47|0|9.83023|-2.29226
flow0.1|2368.39|1620.82|0|13.8526|-2.3498
flow0.2|2394.8|1594.07|0|10.2485|-2.3498
flow0.3|2411.61|1579.65|0|4.10631|-2.78968
flow0.0|2341.7|1648.22|0|9.51912|-2.24813
flow0.1|2367.42|1621.8|0|13.7926|-2.3498
flow0.2|2394.07|1594.82|0|10.4528|-2.3498
flow0.3|2411.21|1579.8|0|4.25211|-2.78968
flow0.0|2341.13|1648.95|0|9.26953|-2.23394
flow0.1|2366.45|1622.79|0|13.8766|-2.3498
flow0.2|2393.32|1595.58|0|10.674|-2.3498
flow0.3|2410.79|1579.95|0|4.5001|-2.78968
flow0.0|2340.58|1649.65|0|8.90331|-2.23394
flow0.1|2365.48|1623.78|0|13.844|-2.3498
flow0.2|2392.55|1596.35|0|10.8572|-2.3498
flow0.3|2410.35|1580.11|0|4.68837|-2.78968
flow0.0|2340.05|1650.33|0|8.59573|-2.23394
flow0.1|2364.5|1624.76|0|13.8856|-2.3498
flow0.2|2391.78|1597.13|0|11.0323|-2.3498
flow0.3|2409.9|1580.28|0|4.8224|-2.78968
flow0.0|2339.54|1650.98|0|8.28293|-2.23394
flow0.1|2363.53|1625.75|0|13.8483|-2.3498
flow0.2|2390.99|1597.93|0|11.2362|-2.3498
flow0.3|2409.42|1580.45|0|5.05364|-2.78968
flow0.0|2339.05|1651.61|0|7.95429|-2.23394
flow0.1|2362.55|1626.74|0|13.8716|-2.3498
flow0.2|2390.19|1598.75|0|11.4484|-2.3498
flow0.3|2408.92|1580.64|0|5.30099|-2.78968
flow0.0|2338.58|1652.22|0|7.71958|-2.23394
flow0.1|2361.59|1627.72|0|13.7621|-2.3498
flow0.2|2389.37|1599.57|0|11.5925|-2.3498
flow0.3|2408.41|1580.83|0|5.52715|-2.78968
flow0.0|2338.12|1652.8|0|7.37938|-2.23394
flow0.1|2360.62|1628.7|0|13.8202|-2.3498
flow0.2|2388.54|1600.41|0|11.761|-2.3498
flow0.3|2407.87|1581.02|0|5.72892|-2.78968
flow0.0|2337.68|1653.36|0|7.18733|-2.23394
flow0.1|2359.66|1629.67|0|13.6416|-2.3498
flow0.2|2387.71|1601.26|0|11.9014|-2.3498
flow0.3|2407.38|1581.33|0|5.94312|-2.74017
flow0.0|2337.26|1653.9|0|6.82003|-2.23394
flow0.1|2358.72|1630.62|0|13.3535|-2.3498
flow0.2|2386.86|1602.11|0|12.0316|-2.3498
flow0.3|2406.95|1581.77|0|6.09377|-2.63278
flow0.0|2336.85|1654.42|0|6.61608|-2.23394
flow0.1|2357.81|1631.54|0|12.9881|-2.3498
flow0.2|2386.01|1602.98|0|12.1787|-2.3498
flow0.3|2406.5|1582.22|0|6.34889|-2.51937
flow0.4|2415.85|1578.1|0|0.257888|-2.78968
flow0.0|2336.47|1654.92|0|6.29375|-2.23394
flow0.1|2356.91|1632.45|0|12.7825|-2.3498
flow0.2|2385.14|1603.86|0|12.417|-2.3498
flow0.3|2406.04|1582.69|0|6.59279|-2.40299
flow0.4|2415.8|1578.11|0|0.497715|-2.78968
flow0.0|2336.1|1655.39|0|5.97855|-2.23394
flow0.1|2356.03|1633.34|0|12.46|-2.3498
flow0.2|2384.25|1604.76|0|12.5721|-2.3498
flow0.3|2405.56|1583.17|0|6.79931|-2.3498
flow0.4|2415.73|1578.14|0|0.736154|-2.78968
flow0.0|2335.74|1655.85|0|5.8097|-2.23394
flow0.1|2355.17|1634.21|0|12.2336|-2.3498
flow0.2|2383.35|1605.67|0|12.8278|-2.3498
flow0.3|2405.07|1583.67|0|7.05032|-2.3498
flow0.4|2415.64|1578.17|0|0.947214|-2.78968
flow0.0|2335.4|1656.28|0|5.47315|-2.23394
flow0.1|2354.33|1635.06|0|12.0035|-2.3498
flow0.2|2382.44|1606.6|0|13.0288|-2.3498
flow0.3|2404.56|1584.19|0|7.25571|-2.3498
flow0.4|2415.53|1578.21|0|1.16363|-2.78968
flow0.0|2335.27|1656.78|0|5.30442|-2.15067
flow0.1|2353.51|1635.89|0|11.6458|-2.3498
flow0.2|2381.51|1607.54|0|13.2413|-2.3498
flow0.3|2404.04|1584.72|0|7.38889|-2.3498
flow0.4|2415.4|1578.26|0|1.42245|-2.78968
flow0.0|2335.19|1657.27|0|4.94715|-2.05136
flow0.1|2352.7|1636.71|0|11.4938|-2.3498
flow0.2|2380.56|1608.5|0|13.4998|-2.3498
flow0.3|2403.51|1585.25|0|7.54945|-2.3498
flow0.4|2415.24|1578.32|0|1.65216|-2.78968
flow0.0|2335.11|1657.73|0|4.69373|-1.95587
flow0.1|2351.92|1637.5|0|11.1289|-2.3498
flow0.2|2379.6|1609.47|0|13.6623|-2.3498
flow0.3|2402.96|1585.81|0|7.78714|-2.3498
flow0.4|2415.07|1578.38|0|1.87971|-2.78968
flow0.0|2335.04|1658.18|0|4.51404|-1.86451
flow0.1|2351.16|1638.28|0|10.8964|-2.3498
flow0.2|2378.62|1610.46|0|13.8829|-2.3498
flow0.3|2402.4|1586.38|0|8.00307|-2.3498
flow0.4|2414.87|1578.45|0|2.11832|-2.78968
flow0.0|2334.97|1658.6|0|4.32517|-1.7788
flow0.1|2350.4|1639.04|0|10.7146|-2.3498
flow0.2|2377.65|1611.45|0|13.8678|-2.3498
flow0.3|2401.83|1586.96|0|8.15989|-2.3498
flow0.4|2414.65|1578.53|0|2.32321|-2.78968
flow0.0|2334.9|1659.01|0|4.09175|-1.73534
flow0.1|2349.68|1639.78|0|10.3578|-2.3498
flow0.2|2376.68|1612.43|0|13.8451|-2.3498
flow0.3|2401.24|1587.55|0|8.29716|-2.3498
flow0.4|2414.42|1578.62|0|2.46333|-2.78968
flow0.0|2334.84|1659.38|0|3.81841|-1.73534
flow0.1|2348.97|1640.5|0|10.1222|-2.3498
flow0.2|2375.7|1613.42|0|13.8124|-2.3498
flow0.3|2400.64|1588.16|0|8.55302|-2.3498
flow0.4|2414.17|1578.71|0|2.62146|-2.78968
flow0.0|2334.78|1659.75|0|3.66393|-1.73534
flow0.1|2348.27|1641.2|0|9.88215|-2.3498
flow0.2|2374.73|1614.4|0|13.8092|-2.3498
flow0.3|2400.02|1588.78|0|8.80647|-2.3498
flow0.4|2413.91|1578.81|0|2.80642|-2.78968
flow0.0|2334.72|1660.08|0|3.38396|-1.73534
flow0.1|2347.59|1641.89|0|9.67729|-2.3498
flow0.2|2373.77|1615.38|0|13.761|-2.3498
flow0.3|2399.39|1589.42|0|8.94502|-2.3498
flow0.4|2413.62|1578.91|0|3.03168|-2.78968
flow0.0|2334.66|1660.44|0|3.64396|-1.73534
flow0.1|2346.93|1642.56|0|9.35131|-2.3498
flow0.2|2372.8|1616.36|0|13.8204|-2.3498
flow0.3|2398.76|1590.07|0|9.09266|-2.3498
flow0.4|2413.32|1579.02|0|3.21499|-2.78968
flow0.0|2334.6|1660.82|0|3.90396|-1.73534
flow0.1|2346.29|1643.21|0|9.21656|-2.3498
flow0.2|2371.83|1617.34|0|13.7646|-2.3498
flow0.3|2398.1|1590.73|0|9.31211|-2.3498
flow0.4|2413|1579.14|0|3.40294|-2.78968
flow0.0|2334.53|1661.24|0|4.16396|-1.73534
flow0.1|2345.64|1643.86|0|9.17611|-2.3498
flow0.2|2370.86|1618.33|0|13.8627|-2.3498
flow0.3|2397.43|1591.41|0|9.54319|-2.3498
flow0.4|2412.66|1579.26|0|3.63873|-2.78968
flow0.0|2334.46|1661.67|0|4.42396|-1.73534
flow0.1|2345.01|1644.5|0|8.98702|-2.3498
flow0.2|2369.89|1619.31|0|13.816|-2.3498
flow0.3|2396.75|1592.1|0|9.70705|-2.3498
flow0.4|2412.3|1579.4|0|3.83996|-2.78968
flow0.0|2334.38|1662.13|0|4.68396|-1.73534
flow0.1|2344.39|1645.14|0|8.90955|-2.3498
flow0.2|2368.91|1620.3|0|13.8604|-2.3498
flow0.3|2396.06|1592.8|0|9.87858|-2.3498
flow0.4|2411.92|1579.54|0|4.06689|-2.78968
flow0.0|2334.3|1662.62|0|4.94396|-1.73534
flow0.1|2343.76|1645.78|0|8.97069|-2.3498
flow0.2|2367.94|1621.28|0|13.8827|-2.3498
flow0.3|2395.35|1593.52|0|10.0821|-2.3498
flow0.4|2411.52|1579.68|0|4.26347|-2.78968
flow0.0|2334.22|1663.13|0|5.20396|-1.73534
flow0.1|2343.14|1646.4|0|8.81451|-2.3498
flow0.2|2366.97|1622.27|0|13.7995|-2.3498
flow0.3|2394.63|1594.25|0|10.2152|-2.3498
flow0.4|2411.1|1579.84|0|4.47437|-2.78968
flow0.0|2334.13|1663.67|0|5.46396|-1.73534
flow0.1|2342.58|1647.09|0|8.8796|-2.31434
flow0.2|2366|1623.25|0|13.8195|-2.3498
flow0.3|2393.89|1594.99|0|10.472|-2.3498
flow0.4|2410.66|1580|0|4.62327|-2.78968
flow0.0|2334.03|1664.24|0|5.72396|-1.73534
flow0.1|2342.04|1647.79|0|8.78929|-2.27357
flow0.2|2365.03|1624.23|0|13.8017|-2.3498
flow0.3|2393.14|1595.75|0|10.6697|-2.3498
flow0.4|2410.21|1580.16|0|4.82428|-2.78968
flow0.0|2333.97|1664.82|0|5.89594|-1.72048
flow0.1|2341.49|1648.48|0|8.81812|-2.23394
flow0.2|2364.06|1625.21|0|13.8111|-2.3498
flow0.3|2392.38|1596.52|0|10.8132|-2.3498
flow0.4|2409.74|1580.34|0|4.99137|-2.78968
flow0.0|2333.93|1665.43|0|6.06974|-1.69763
flow0.1|2340.96|1649.17|0|8.73112|-2.23394
flow0.2|2363.08|1626.2|0|13.829|-2.3498
flow0.3|2391.61|1597.31|0|11.045|-2.3498
flow0.4|2409.26|1580.51|0|5.19209|-2.78968
flow0.0|2333.89|1666.06|0|6.29994|-1.67391
flow0.1|2340.42|1649.86|0|8.72817|-2.23394
flow0.2|2362.11|1627.18|0|13.8558|-2.3498
flow0.3|2390.82|1598.11|0|11.2871|-2.3498
flow0.4|2408.74|1580.7|0|5.44941|-2.78968
flow0.0|2333.84|1666.71|0|6.51009|-1.64941
flow0.1|2339.9|1650.53|0|8.48163|-2.23394
flow0.2|2361.15|1628.16|0|13.7258|-2.3498
flow0.3|2390.01|1598.93|0|11.5055|-2.3498
flow0.4|2408.22|1580.9|0|5.59183|-2.78968
flow0.0|2333.88|1667.37|0|6.70252|-1.60541
flow0.1|2339.39|1651.17|0|8.19443|-2.23394
flow0.2|2360.2|1629.12|0|13.5175|-2.3498
flow0.3|2389.18|1599.76|0|11.7233|-2.3498
flow0.4|2407.68|1581.09|0|5.7438|-2.78968
flow0.0|2333.99|1668.06|0|6.92696|-1.54244
flow0.1|2338.91|1651.79|0|7.89972|-2.23394
flow0.2|2359.26|1630.07|0|13.3273|-2.3498
flow0.3|2388.35|1600.61|0|11.8699|-2.3498
flow0.4|2407.24|1581.48|0|5.96325|-2.705
flow0.0|2334.1|1668.76|0|7.09858|-1.47779
flow0.1|2338.44|1652.39|0|7.6336|-2.23394
flow0.2|2358.35|1630.99|0|12.9535|-2.3498
flow0.3|2387.51|1601.46|0|12.0148|-2.3498
flow0.4|2406.8|1581.92|0|6.19912|-2.59497
flow0.0|2334.29|1669.45|0|7.25604|-1.3817
flow0.1|2337.99|1652.97|0|7.27294|-2.23394
flow0.2|2357.46|1631.9|0|12.7395|-2.3498
flow0.3|2386.65|1602.33|0|12.1854|-2.3498
flow0.4|2406.35|1582.37|0|6.39628|-2.48082
flow0.5|2415.85|1578.1|0|0.257198|-2.78968
flow0.0|2334.61|1670.12|0|7.47526|-1.29544
flow0.1|2337.56|1653.52|0|6.9906|-2.23394
flow0.2|2356.58|1632.79|0|12.4707|-2.3498
flow0.3|2385.78|1603.21|0|12.3504|-2.3498
flow0.4|2405.89|1582.84|0|6.54184|-2.36644
flow0.5|2415.8|1578.11|0|0.510631|-2.78968
flow0.0|2334.94|1670.81|0|7.64276|-1.20775
flow0.1|2337.14|1654.06|0|6.8064|-2.23394
flow0.2|2355.73|1633.65|0|12.1115|-2.3498
flow0.3|2384.9|1604.1|0|12.543|-2.3498
flow0.4|2405.42|1583.32|0|6.74051|-2.3498
flow0.5|2415.73|1578.14|0|0.769643|-2.78968
flow0.0|2335.4|1671.44|0|7.81874|-1.06661
flow0.1|2336.74|1654.57|0|6.52707|-2.23394
flow0.2|2354.89|1634.5|0|11.9942|-2.3498
flow0.3|2384.01|1605.01|0|12.7478|-2.3498
flow0.4|2404.93|1583.81|0|6.90555|-2.3498
flow0.5|2415.63|1578.17|0|1.01038|-2.78968
flow0.0|2335.94|1672.02|0|7.97376|-0.970283
flow0.1|2336.36|1655.06|0|6.22104|-2.23394
flow0.2|2354.06|1635.34|0|11.7242|-2.3498
flow0.3|2383.09|1605.93|0|12.9717|-2.3498
flow0.4|2404.43|1584.32|0|7.14132|-2.3498
flow0.5|2415.51|1578.22|0|1.23311|-2.78968
flow0.0|2336.5|1672.62|0|8.19776|-0.868388
flow0.1|2335.99|1655.52|0|5.89852|-2.23394
flow0.2|2353.26|1636.15|0|11.3791|-2.3498
flow0.3|2382.17|1606.87|0|13.2165|-2.3498
flow0.4|2403.92|1584.84|0|7.31358|-2.3498
flow0.5|2415.38|1578.27|0|1.45448|-2.78968
flow0.0|2337.15|1673.15|0|8.39755|-0.773638
flow0.1|2335.64|1655.98|0|5.73285|-2.23394
flow0.2|2352.48|1636.94|0|11.1757|-2.3498
flow0.3|2381.23|1607.82|0|13.3833|-2.3498
flow0.4|2403.39|1585.37|0|7.482|-2.3498
flow0.5|2415.22|1578.32|0|1.68053|-2.78968
flow0.0|2337.83|1673.69|0|8.63611|-0.724138
flow0.1|2335.33|1656.41|0|5.41593|-2.22344
flow0.2|2351.71|1637.71|0|10.8692|-2.3498
flow0.3|2380.27|1608.79|0|13.6194|-2.3498
flow0.4|2402.85|1585.92|0|7.71537|-2.3498
flow0.5|2415.04|1578.39|0|1.92648|-2.78968
flow0.0|2338.52|1674.25|0|8.89215|-0.679334
flow0.1|2335.25|1656.92|0|5.17234|-2.12187
flow0.2|2350.96|1638.47|0|10.6871|-2.3498
flow0.3|2379.3|1609.78|0|13.8332|-2.3498
flow0.4|2402.3|1586.48|0|7.8815|-2.3498
flow0.5|2414.84|1578.46|0|2.08366|-2.78968
flow0.0|2339.23|1674.82|0|9.12388|-0.679334
flow0.1|2335.17|1657.41|0|4.88999|-2.02313
flow0.2|2350.24|1639.21|0|10.3574|-2.3498
flow0.3|2378.33|1610.76|0|13.7927|-2.3498
flow0.4|2401.73|1587.06|0|8.12946|-2.3498
flow0.5|2414.63|1578.54|0|2.23776|-2.78968
flow0.0|2339.96|1675.41|0|9.37795|-0.679334
flow0.1|2335.09|1657.87|0|4.73612|-1.92675
flow0.2|2349.53|1639.93|0|10.0944|-2.3498
flow0.3|2377.36|1611.74|0|13.8182|-2.3498
flow0.4|2401.14|1587.65|0|8.29434|-2.3498
flow0.5|2414.41|1578.62|0|2.42477|-2.78968
flow0.0|2340.7|1676.01|0|9.54991|-0.679334
flow0.1|2335.02|1658.31|0|4.3851|-1.83843
flow0.2|2348.83|1640.64|0|9.94904|-2.3498
flow0.3|2376.38|1612.73|0|13.852|-2.3498
flow0.4|2400.54|1588.26|0|8.51704|-2.3498
flow0.5|2414.16|1578.71|0|2.65346|-2.78968
flow0.0|2341.46|1676.63|0|9.8087|-0.679334
flow0.1|2334.95|1658.73|0|4.26686|-1.75462
flow0.2|2348.15|1641.33|0|9.68149|-2.3498
flow0.3|2375.41|1613.72|0|13.8879|-2.3498
flow0.4|2399.93|1588.88|0|8.70481|-2.3498
flow0.5|2413.9|1578.81|0|2.79262|-2.78968
flow0.0|2342.24|1677.25|0|9.97725|-0.679334
flow0.1|2334.88|1659.12|0|3.96823|-1.73534
flow0.2|2347.49|1641.99|0|9.3724|-2.3498
flow0.3|2374.44|1614.7|0|13.7879|-2.3498
flow0.4|2399.31|1589.5|0|8.83685|-2.3498
flow0.5|2413.61|1578.92|0|3.016|-2.78968
flow0.0|2343.03|1677.89|0|10.1618|-0.679334
flow0.1|2334.82|1659.49|0|3.75893|-1.73534
flow0.2|2346.84|1642.65|0|9.1911|-2.3498
flow0.3|2373.46|1615.68|0|13.8817|-2.3498
flow0.4|2398.68|1590.15|0|9.03024|-2.3498
flow0.5|2413.31|1579.03|0|3.21287|-2.78968
flow0.0|2343.84|1678.54|0|10.3934|-0.679334
flow0.1|2334.76|1659.83|0|3.49926|-1.73534
flow0.2|2346.22|1643.28|0|8.87468|-2.3498
flow0.3|2372.5|1616.67|0|13.7761|-2.3498
flow0.4|2398.03|1590.8|0|9.21139|-2.3498
flow0.5|2412.99|1579.14|0|3.42891|-2.78968
flow0.0|2344.66|1679.21|0|10.5894|-0.679334
flow0.1|2334.71|1660.16|0|3.29704|-1.73534
flow0.2|2345.61|1643.9|0|8.66437|-2.3498
flow0.3|2371.52|1617.65|0|13.8599|-2.3498
flow0.4|2397.37|1591.47|0|9.35714|-2.3498
flow0.5|2412.65|1579.27|0|3.56549|-2.78968
flow0.0|2345.49|1679.9|0|10.7573|-0.687163
flow0.1|2334.65|1660.51|0|3.55704|-1.73534
flow0.2|2345.02|1644.49|0|8.39447|-2.3498
flow0.3|2370.55|1618.63|0|13.7861|-2.3498
flow0.4|2396.7|1592.15|0|9.55394|-2.3498
flow0.5|2412.3|1579.4|0|3.74354|-2.78968
flow0.0|2346.3|1680.64|0|10.992|-0.711127
flow0.1|2334.59|1660.89|0|3.81704|-1.73534
flow0.2|2344.44|1645.08|0|8.31497|-2.3498
flow0.3|2369.58|1619.62|0|13.8519|-2.3498
flow0.4|2396.02|1592.84|0|9.70415|-2.3498
flow0.5|2411.94|1579.53|0|3.89317|-2.78968
flow0.0|2347.13|1681.38|0|11.1399|-0.733823
flow0.1|2334.52|1661.29|0|4.07704|-1.73534
flow0.2|2343.86|1645.67|0|8.19131|-2.3498
flow0.3|2368.61|1620.61|0|13.8883|-2.3498
flow0.4|2395.33|1593.54|0|9.83749|-2.3498
flow0.5|2411.55|1579.67|0|4.10803|-2.78968
flow0.0|2347.97|1682.14|0|11.302|-0.733823
flow0.1|2334.45|1661.72|0|4.33704|-1.73534
flow0.2|2343.29|1646.25|0|8.1187|-2.3498
flow0.3|2367.64|1621.59|0|13.7624|-2.3498
flow0.4|2394.63|1594.25|0|9.96944|-2.3498
flow0.5|2411.15|1579.82|0|4.30585|-2.78968
flow0.0|2348.82|1682.91|0|11.5086|-0.733823
flow0.1|2334.38|1662.17|0|4.59704|-1.73534
flow0.2|2342.76|1646.86|0|8.16814|-2.32791
flow0.3|2366.67|1622.57|0|13.8069|-2.3498
flow0.4|2393.91|1594.97|0|10.1944|-2.3498
flow0.5|2410.72|1579.98|0|4.51793|-2.78968
flow0.0|2349.69|1683.7|0|11.7165|-0.733823
flow0.1|2334.3|1662.65|0|4.85704|-1.73534
flow0.2|2342.26|1647.5|0|8.0725|-2.29047
flow0.3|2365.7|1623.55|0|13.7831|-2.3498
flow0.4|2393.18|1595.71|0|10.4157|-2.3498
flow0.5|2410.28|1580.14|0|4.75325|-2.78968
flow0.0|2350.58|1684.49|0|11.9237|-0.733823
flow0.1|2334.21|1663.15|0|5.11704|-1.73534
flow0.2|2341.76|1648.14|0|8.0905|-2.25296
flow0.3|2364.73|1624.53|0|13.8608|-2.3498
flow0.4|2392.44|1596.47|0|10.5482|-2.3498
flow0.5|2409.81|1580.31|0|5.00053|-2.78968
flow0.0|2351.48|1685.3|0|12.0811|-0.733823
flow0.1|2334.12|1663.69|0|5.37704|-1.73534
flow0.2|2341.27|1648.77|0|8.02477|-2.23394
flow0.3|2363.76|1625.51|0|13.7635|-2.3498
flow0.4|2391.68|1597.23|0|10.7635|-2.3498
flow0.5|2409.33|1580.49|0|5.13562|-2.78968
flow0.0|2352.39|1686.13|0|12.2892|-0.733823
flow0.1|2334.03|1664.24|0|5.63704|-1.73534
flow0.2|2340.77|1649.4|0|8.05292|-2.23394
flow0.3|2362.8|1626.49|0|13.6621|-2.3498
flow0.4|2390.91|1598.01|0|10.9768|-2.3498
flow0.5|2408.82|1580.67|0|5.35231|-2.78968
flow0.0|2353.31|1686.96|0|12.4288|-0.733823
flow0.1|2333.97|1664.83|0|5.8865|-1.72041
flow0.2|2340.28|1650.04|0|8.09148|-2.23394
flow0.3|2361.85|1627.45|0|13.5815|-2.3498
flow0.4|2390.13|1598.8|0|11.136|-2.3498
flow0.5|2408.3|1580.87|0|5.58212|-2.78968
flow0.0|2354.25|1687.8|0|12.5944|-0.733823
flow0.1|2333.93|1665.44|0|6.14468|-1.69728
flow0.2|2339.77|1650.68|0|8.14296|-2.23394
flow0.3|2360.9|1628.41|0|13.4713|-2.3498
flow0.4|2389.33|1599.62|0|11.3891|-2.3498
flow0.5|2407.76|1581.06|0|5.71825|-2.78968
flow0.0|2355.2|1688.66|0|12.8353|-0.733823
flow0.1|2333.88|1666.07|0|6.28991|-1.67359
flow0.2|2339.27|1651.33|0|8.2055|-2.23394
flow0.3|2359.96|1629.36|0|13.3315|-2.3498
flow0.4|2388.52|1600.44|0|11.5489|-2.3498
flow0.5|2407.3|1581.41|0|5.93865|-2.72068
flow0.0|2356.17|1689.53|0|13.008|-0.733823
flow0.1|2333.84|1666.71|0|6.44456|-1.64934
flow0.2|2338.78|1651.95|0|7.8967|-2.23394
flow0.3|2359.03|1630.3|0|13.2657|-2.3498
flow0.4|2387.69|1601.28|0|11.7973|-2.3498
flow0.5|2406.87|1581.85|0|6.11059|-2.61253
flow0.0|2357.15|1690.42|0|13.1601|-0.733823
flow0.1|2333.88|1667.36|0|6.59268|-1.60624
flow0.2|2338.32|1652.55|0|7.58131|-2.23394
flow0.3|2358.12|1631.23|0|12.9664|-2.3498
flow0.4|2386.85|1602.13|0|12.0026|-2.3498
flow0.5|2406.43|1582.3|0|6.27281|-2.50049
flow0.6|2415.85|1578.09|0|0.252754|-2.78968
flow0.0|2358.14|1691.31|0|13.403|-0.733823
flow0.1|2333.99|1668.03|0|6.77573|-1.54465
flow0.2|2337.87|1653.12|0|7.27235|-2.23394
flow0.3|2357.23|1632.13|0|12.6471|-2.3498
flow0.4|2385.99|1603|0|12.2501|-2.3498
flow0.5|2405.97|1582.76|0|6.49767|-2.38626
flow0.6|2415.8|1578.11|0|0.506187|-2.78968
flow0.0|2359.15|1692.22|0|13.6034|-0.733823
flow0.1|2334.09|1668.72|0|6.97643|-1.48111
flow0.2|2337.44|1653.68|0|7.02839|-2.23394
flow0.3|2356.36|1633.01|0|12.4046|-2.3498
flow0.4|2385.11|1603.89|0|12.4708|-2.3498
flow0.5|2405.5|1583.23|0|6.69424|-2.3498
flow0.6|2415.73|1578.14|0|0.756146|-2.78968
flow0.0|2360.18|1693.15|0|13.8266|-0.733823
flow0.1|2334.27|1669.41|0|7.18009|-1.3886
flow0.2|2337.03|1654.2|0|6.68626|-2.23394
flow0.3|2355.51|1633.87|0|12.1315|-2.3498
flow0.4|2384.22|1604.79|0|12.6734|-2.3498
flow0.5|2405.02|1583.72|0|6.86381|-2.3498
flow0.6|2415.64|1578.17|0|0.972826|-2.78968
flow0.0|2361.24|1694.01|0|13.8788|-0.703981
flow0.1|2334.59|1670.08|0|7.4327|-1.30099
flow0.2|2336.63|1654.71|0|6.42666|-2.23394
flow0.3|2354.68|1634.71|0|11.8228|-2.3498
flow0.4|2383.31|1605.71|0|12.9098|-2.3498
flow0.5|2404.52|1584.22|0|7.05759|-2.3498
flow0.6|2415.52|1578.21|0|1.18422|-2.78968
flow0.0|2362.61|1694.21|0|13.7889|-0.377791
flow0.1|2334.92|1670.77|0|7.60412|-1.21372
flow0.2|2336.25|1655.19|0|6.11848|-2.23394
flow0.3|2353.86|1635.54|0|11.5882|-2.3498
flow0.4|2382.39|1606.65|0|13.143|-2.3498
flow0.5|2404.02|1584.74|0|7.21636|-2.3498
flow0.6|2415.39|1578.26|0|1.38304|-2.78968
flow0.0|2363.98|1694.42|0|13.8887|-0.14837
flow0.1|2335.36|1671.4|0|7.82865|-1.07264
flow0.2|2335.89|1655.66|0|5.90454|-2.23394
flow0.3|2353.06|1636.35|0|11.3813|-2.3498
flow0.4|2381.45|1607.6|0|13.3544|-2.3498
flow0.5|2403.49|1585.27|0|7.46728|-2.3498
flow0.6|2415.25|1578.32|0|1.59476|-2.78968
flow0.0|2365.35|1694.62|0|13.8302|-0.14837
flow0.1|2335.91|1671.98|0|7.96838|-0.97668
flow0.2|2335.55|1656.09|0|5.55792|-2.23394
flow0.3|2352.28|1637.14|0|11.1179|-2.3498
flow0.4|2380.5|1608.56|0|13.597|-2.3498
flow0.5|2402.95|1585.82|0|7.70166|-2.3498
flow0.6|2415.08|1578.38|0|1.7825|-2.78968
flow0.0|2366.72|1694.83|0|13.829|-0.14837
flow0.1|2336.46|1672.58|0|8.16093|-0.876137
flow0.2|2335.31|1656.56|0|5.41545|-2.19441
flow0.3|2351.52|1637.91|0|10.7857|-2.3498
flow0.4|2379.53|1609.54|0|13.7531|-2.3498
flow0.5|2402.4|1586.38|0|7.89786|-2.3498
flow0.6|2414.89|1578.45|0|2.03464|-2.78968
flow0.0|2368.08|1695.03|0|13.7653|-0.14837
flow0.1|2337.11|1673.11|0|8.3983|-0.776811
flow0.2|2335.22|1657.06|0|5.04963|-2.09426
flow0.3|2350.78|1638.66|0|10.6266|-2.3498
flow0.4|2378.56|1610.53|0|13.8265|-2.3498
flow0.5|2401.83|1586.95|0|8.08278|-2.3498
flow0.6|2414.68|1578.52|0|2.24708|-2.78968
flow0.0|2369.44|1695.24|0|13.8177|-0.14837
flow0.1|2337.78|1673.65|0|8.592|-0.727561
flow0.2|2335.14|1657.54|0|4.8387|-1.99615
flow0.3|2350.05|1639.4|0|10.3133|-2.3498
flow0.4|2377.58|1611.51|0|13.8854|-2.3498
flow0.5|2401.25|1587.54|0|8.2409|-2.3498
flow0.6|2414.45|1578.61|0|2.45313|-2.78968
flow0.0|2370.81|1695.44|0|13.8539|-0.14837
flow0.1|2338.46|1674.2|0|8.7819|-0.679334
flow0.2|2335.07|1658|0|4.6599|-1.90144
flow0.3|2349.35|1640.11|0|10.0661|-2.3498
flow0.4|2376.61|1612.5|0|13.8713|-2.3498
flow0.5|2400.66|1588.14|0|8.41232|-2.3498
flow0.6|2414.2|1578.7|0|2.6287|-2.78968
flow0.0|2372.19|1695.65|0|13.8692|-0.14837
flow0.1|2339.16|1674.77|0|9.01757|-0.679334
flow0.2|2335|1658.43|0|4.42819|-1.81277
flow0.3|2348.65|1640.82|0|9.86862|-2.3498
flow0.4|2375.64|1613.49|0|13.839|-2.3498
flow0.5|2400.05|1588.76|0|8.65321|-2.3498
flow0.6|2413.94|1578.79|0|2.76436|-2.78968
flow0.0|2373.55|1695.85|0|13.8306|-0.14837
flow0.1|2339.88|1675.34|0|9.1592|-0.679334
flow0.2|2334.93|1658.85|0|4.19505|-1.73534
flow0.3|2347.98|1641.49|0|9.54587|-2.3498
flow0.4|2374.67|1614.47|0|13.8147|-2.3498
flow0.5|2399.43|1589.38|0|8.84251|-2.3498
flow0.6|2413.66|1578.9|0|3.01237|-2.78968
flow0.0|2374.92|1696.05|0|13.776|-0.14837
flow0.1|2340.61|1675.93|0|9.36733|-0.679334
flow0.2|2334.86|1659.23|0|3.87315|-1.73534
flow0.3|2347.32|1642.16|0|9.41141|-2.3498
flow0.4|2373.69|1615.45|0|13.8304|-2.3498
flow0.5|2398.8|1590.03|0|8.99846|-2.3498
flow0.6|2413.36|1579.01|0|3.17823|-2.78968
flow0.0|2376.28|1696.26|0|13.799|-0.14837
flow0.1|2341.35|1676.53|0|9.5519|-0.679334
flow0.2|2334.8|1659.6|0|3.76049|-1.73534
flow0.3|2346.69|1642.81|0|9.02939|-2.3498
flow0.4|2372.72|1616.44|0|13.8346|-2.3498
flow0.5|2398.15|1590.68|0|9.16876|-2.3498
flow0.6|2413.04|1579.12|0|3.37671|-2.78968
flow0.0|2377.65|1696.45|0|13.7949|-0.141763
flow0.1|2342.11|1677.15|0|9.7807|-0.679334
flow0.2|2334.74|1659.95|0|3.51898|-1.73534
flow0.3|2346.06|1643.44|0|8.8461|-2.3498
flow0.4|2371.75|1617.42|0|13.7916|-2.3498
flow0.5|2397.49|1591.35|0|9.42524|-2.3498
flow0.6|2412.71|1579.25|0|3.55402|-2.78968
flow0.0|2379.02|1696.61|0|13.8597|-0.125184
flow0.1|2342.88|1677.77|0|9.91601|-0.679334
flow0.2|2334.68|1660.32|0|3.77898|-1.73534
flow0.3|2345.46|1644.05|0|8.67082|-2.3498
flow0.4|2370.78|1618.41|0|13.8887|-2.3498
flow0.5|2396.82|1592.03|0|9.58171|-2.3498
flow0.6|2412.35|1579.38|0|3.77394|-2.78968
flow0.0|2380.4|1696.77|0|13.8306|-0.118465
flow0.1|2343.67|1678.41|0|10.1035|-0.679334
flow0.2|2334.62|1660.72|0|4.03898|-1.73534
flow0.3|2344.86|1644.66|0|8.52649|-2.3498
flow0.4|2369.81|1619.39|0|13.8132|-2.3498
flow0.5|2396.14|1592.72|0|9.71773|-2.3498
flow0.6|2411.99|1579.51|0|3.92244|-2.78968
flow0.0|2381.77|1696.94|0|13.8695|-0.118465
flow0.1|2344.47|1679.05|0|10.2568|-0.679334
flow0.2|2334.55|1661.14|0|4.29898|-1.73534
flow0.3|2344.27|1645.26|0|8.38371|-2.3498
flow0.4|2368.84|1620.37|0|13.8092|-2.3498
flow0.5|2395.44|1593.43|0|9.90288|-2.3498
flow0.6|2411.6|1579.65|0|4.07025|-2.78968
flow0.0|2383.14|1697.1|0|13.8082|-0.118465
flow0.1|2345.28|1679.71|0|10.5045|-0.681083
flow0.2|2334.47|1661.59|0|4.55898|-1.73534
flow0.3|2343.68|1645.85|0|8.31573|-2.3498
flow0.4|2367.87|1621.35|0|13.784|-2.3498
flow0.5|2394.73|1594.15|0|10.1518|-2.3498
flow0.6|2411.2|1579.8|0|4.30952|-2.78968
flow0.0|2384.52|1697.26|0|13.8318|-0.118465
flow0.1|2346.08|1680.43|0|10.7094|-0.704427
flow0.2|2334.39|1662.07|0|4.81898|-1.73534
flow0.3|2343.1|1646.44|0|8.34446|-2.3498
flow0.4|2366.9|1622.33|0|13.7666|-2.3498
flow0.5|2394|1594.89|0|10.4037|-2.3498
flow0.6|2410.78|1579.95|0|4.44775|-2.78968
flow0.0|2385.88|1697.43|0|13.7653|-0.118465
flow0.1|2346.89|1681.16|0|10.9295|-0.728254
flow0.2|2334.31|1662.57|0|5.07898|-1.73534
flow0.3|2342.58|1647.09|0|8.2686|-2.31462
flow0.4|2365.93|1623.31|0|13.7796|-2.3498
flow0.5|2393.25|1595.64|0|10.5672|-2.3498
flow0.6|2410.34|1580.12|0|4.70342|-2.78968
flow0.0|2387.26|1697.57|0|13.8209|-0.111196
flow0.1|2347.72|1681.91|0|11.1874|-0.733823
flow0.2|2334.22|1663.1|0|5.33898|-1.73534
flow0.3|2342.07|1647.74|0|8.30056|-2.27612
flow0.4|2364.96|1624.3|0|13.8323|-2.3498
flow0.5|2392.5|1596.41|0|10.7808|-2.3498
flow0.6|2409.88|1580.29|0|4.91249|-2.78968
flow0.0|2388.64|1697.7|0|13.8771|-0.0977694
flow0.1|2348.56|1682.67|0|11.3589|-0.733823
flow0.2|2334.13|1663.65|0|5.59898|-1.73534
flow0.3|2341.56|1648.39|0|8.23323|-2.23797
flow0.4|2363.99|1625.28|0|13.8378|-2.3498
flow0.5|2391.73|1597.19|0|10.9711|-2.3498
flow0.6|2409.4|1580.46|0|5.05168|-2.78968
flow0.0|2390.02|1697.83|0|13.8827|-0.0942764
flow0.1|2349.42|1683.45|0|11.5599|-0.733823
flow0.2|2334.03|1664.23|0|5.85898|-1.73534
flow0.3|2341.06|1649.04|0|8.23541|-2.23394
flow0.4|2363.02|1626.26|0|13.8038|-2.3498
flow0.5|2390.94|1597.98|0|11.1181|-2.3498
flow0.6|2408.91|1580.64|0|5.29971|-2.78968
flow0.0|2391.4|1697.96|0|13.8857|-0.0942764
flow0.1|2350.29|1684.23|0|11.7107|-0.733823
flow0.2|2333.97|1664.83|0|6.07651|-1.72027
flow0.3|2340.54|1649.7|0|8.37392|-2.23394
flow0.4|2362.06|1627.24|0|13.6481|-2.3498
flow0.5|2390.15|1598.79|0|11.3472|-2.3498
flow0.6|2408.39|1580.83|0|5.47983|-2.78968
flow0.0|2392.79|1698.09|0|13.8812|-0.0942764
flow0.1|2351.17|1685.03|0|11.8863|-0.733823
flow0.2|2333.93|1665.45|0|6.26572|-1.69668
flow0.3|2340.03|1650.36|0|8.33621|-2.23394
flow0.4|2361.1|1628.2|0|13.6068|-2.3498
flow0.5|2389.34|1599.61|0|11.5405|-2.3498
flow0.6|2407.86|1581.03|0|5.68409|-2.78968
flow0.0|2394.14|1698.22|0|13.6048|-0.0942764
flow0.1|2352.07|1685.84|0|12.1134|-0.733823
flow0.2|2333.88|1666.1|0|6.50868|-1.67217
flow0.3|2339.52|1651.01|0|8.32171|-2.23394
flow0.4|2360.16|1629.16|0|13.4548|-2.3498
flow0.5|2388.51|1600.45|0|11.7718|-2.3498
flow0.6|2407.38|1581.34|0|5.86867|-2.73988
flow0.0|2395.46|1698.35|0|13.2811|-0.0942764
flow0.1|2352.98|1686.66|0|12.2457|-0.733823
flow0.2|2333.83|1666.78|0|6.73687|-1.64683
flow0.3|2339.02|1651.64|0|8.00677|-2.23394
flow0.4|2359.22|1630.11|0|13.3192|-2.3498
flow0.5|2387.67|1601.3|0|11.9679|-2.3498
flow0.6|2406.95|1581.77|0|6.11366|-2.63212
flow0.0|2396.76|1698.47|0|12.999|-0.0942764
flow0.1|2353.91|1687.49|0|12.4654|-0.733823
flow0.2|2333.9|1667.46|0|6.88878|-1.59749
flow0.3|2338.55|1652.25|0|7.63248|-2.23394
flow0.4|2358.31|1631.03|0|12.9927|-2.3498
flow0.5|2386.82|1602.16|0|12.0992|-2.3498
flow0.6|2406.5|1582.22|0|6.36772|-2.51837
flow0.7|2415.85|1578.09|0|0.254682|-2.78968
flow0.0|2398.02|1698.59|0|12.6696|-0.0942764
flow0.1|2354.85|1688.34|0|12.6776|-0.733823
flow0.2|2334.01|1668.16|0|7.10812|-1.53283
flow0.3|2338.1|1652.83|0|7.38673|-2.23394
flow0.4|2357.42|1631.93|0|12.6284|-2.3498
flow0.5|2385.95|1603.03|0|12.2955|-2.3498
flow0.6|2406.04|1582.69|0|6.54452|-2.40286
flow0.7|2415.8|1578.11|0|0.489221|-2.78968
flow0.0|2399.24|1698.7|0|12.2516|-0.0942764
flow0.1|2355.8|1689.2|0|12.8487|-0.733823
flow0.2|2334.12|1668.88|0|7.31862|-1.46621
flow0.3|2337.66|1653.39|0|7.08327|-2.23394
flow0.4|2356.55|1632.81|0|12.3847|-2.3498
flow0.5|2385.08|1603.92|0|12.518|-2.3498
flow0.6|2405.56|1583.17|0|6.79536|-2.3498
flow0.7|2415.73|1578.14|0|0.740177|-2.78968
flow0.0|2400.43|1698.82|0|11.9475|-0.0942764
flow0.1|2356.77|1690.07|0|12.9977|-0.733823
flow0.2|2334.36|1669.59|0|7.51392|-1.36353
flow0.3|2337.24|1653.93|0|6.86978|-2.23394
flow0.4|2355.7|1633.68|0|12.1352|-2.3498
flow0.5|2384.18|1604.83|0|12.6914|-2.3498
flow0.6|2405.08|1583.67|0|6.93487|-2.3498
flow0.7|2415.64|1578.17|0|0.974307|-2.78968
flow0.0|2401.58|1698.93|0|11.616|-0.0942764
flow0.1|2357.75|1690.96|0|13.1617|-0.733823
flow0.2|2334.69|1670.28|0|7.7158|-1.27508
flow0.3|2336.84|1654.44|0|6.54974|-2.23394
flow0.4|2354.86|1634.53|0|11.9287|-2.3498
flow0.5|2383.28|1605.75|0|12.9141|-2.3498
flow0.6|2404.58|1584.17|0|7.08793|-2.3498
flow0.7|2415.53|1578.21|0|1.1907|-2.78968
flow0.0|2402.71|1699.03|0|11.3321|-0.0942764
flow0.1|2358.74|1691.85|0|13.3701|-0.733823
flow0.2|2335.03|1671|0|7.87977|-1.18478
flow0.3|2336.45|1654.94|0|6.30207|-2.23394
flow0.4|2354.05|1635.35|0|11.5811|-2.3498
flow0.5|2382.36|1606.68|0|13.0664|-2.3498
flow0.6|2404.06|1584.69|0|7.30072|-2.3498
flow0.7|2415.4|1578.26|0|1.38361|-2.78968
flow0.0|2403.79|1699.13|0|10.8821|-0.0942764
flow0.1|2359.75|1692.76|0|13.5966|-0.733823
flow0.2|2335.55|1671.6|0|8.09014|-1.03969
flow0.3|2336.08|1655.42|0|6.04682|-2.23394
flow0.4|2353.25|1636.16|0|11.399|-2.3498
flow0.5|2381.43|1607.62|0|13.2811|-2.3498
flow0.6|2403.54|1585.22|0|7.43888|-2.3498
flow0.7|2415.25|1578.31|0|1.57663|-2.78968
flow0.0|2404.84|1699.23|0|10.5549|-0.0942764
flow0.1|2360.78|1693.69|0|13.8409|-0.733823
flow0.2|2336.12|1672.21|0|8.31874|-0.937831
flow0.3|2335.73|1655.86|0|5.68656|-2.23394
flow0.4|2352.47|1636.95|0|11.1178|-2.3498
flow0.5|2380.48|1608.58|0|13.4234|-2.3498
flow0.6|2403.01|1585.76|0|7.58226|-2.3498
flow0.7|2415.08|1578.38|0|1.8094|-2.78968
flow0.0|2405.87|1699.33|0|10.3337|-0.0942764
flow0.1|2362.03|1694.13|0|13.7741|-0.51829
flow0.2|2336.73|1672.8|0|8.53218|-0.815376
flow0.3|2335.39|1656.3|0|5.52163|-2.23394
flow0.4|2351.7|1637.73|0|10.8861|-2.3498
flow0.5|2379.52|1609.55|0|13.6697|-2.3498
flow0.6|2402.46|1586.31|0|7.77862|-2.3498
flow0.7|2414.89|1578.44|0|1.97101|-2.78968
flow0.0|2406.86|1699.42|0|9.9595|-0.0942764
flow0.1|2363.4|1694.33|0|13.8752|-0.189319
flow0.2|2337.41|1673.35|0|8.67756|-0.755055
flow0.3|2335.27|1656.8|0|5.20878|-2.14735
flow0.4|2350.95|1638.48|0|10.6466|-2.3498
flow0.5|2378.55|1610.54|0|13.8824|-2.3498
flow0.6|2401.91|1586.88|0|7.91945|-2.3498
flow0.7|2414.69|1578.52|0|2.14949|-2.78968
flow0.0|2407.82|1699.52|0|9.63642|-0.0942764
flow0.1|2364.77|1694.54|0|13.8478|-0.14837
flow0.2|2338.09|1673.9|0|8.84022|-0.704422
flow0.3|2335.19|1657.29|0|5.015|-2.04658
flow0.4|2350.22|1639.22|0|10.4067|-2.3498
flow0.5|2377.57|1611.52|0|13.8407|-2.3498
flow0.6|2401.34|1587.46|0|8.13079|-2.3498
flow0.7|2414.47|1578.6|0|2.3644|-2.78968
flow0.0|2408.75|1699.6|0|9.29761|-0.0942764
flow0.1|2366.14|1694.74|0|13.8515|-0.14837
flow0.2|2338.8|1674.47|0|9.06064|-0.679334
flow0.3|2335.11|1657.76|0|4.77377|-1.94945
flow0.4|2349.51|1639.94|0|10.0877|-2.3498
flow0.5|2376.6|1612.51|0|13.8677|-2.3498
flow0.6|2400.75|1588.05|0|8.32528|-2.3498
flow0.7|2414.23|1578.69|0|2.56599|-2.78968
flow0.0|2409.65|1699.69|0|9.07666|-0.0942764
flow0.1|2367.51|1694.95|0|13.8178|-0.14837
flow0.2|2339.51|1675.05|0|9.1981|-0.679334
flow0.3|2335.03|1658.2|0|4.4569|-1.85932
flow0.4|2348.82|1640.65|0|9.90194|-2.3498
flow0.5|2375.63|1613.49|0|13.8591|-2.3498
flow0.6|2400.15|1588.65|0|8.48929|-2.3498
flow0.7|2413.97|1578.78|0|2.76068|-2.78968
flow0.0|2410.53|1699.77|0|8.79022|-0.0942764
flow0.1|2368.88|1695.15|0|13.8447|-0.14837
flow0.2|2340.24|1675.64|0|9.3605|-0.679334
flow0.3|2334.96|1658.62|0|4.25248|-1.77517
flow0.4|2348.14|1641.33|0|9.60144|-2.3498
flow0.5|2374.66|1614.47|0|13.7773|-2.3498
flow0.6|2399.54|1589.27|0|8.68174|-2.3498
flow0.7|2413.7|1578.88|0|2.89846|-2.78968
flow0.0|2411.36|1699.85|0|8.396|-0.0942764
flow0.1|2370.24|1695.35|0|13.798|-0.14837
flow0.2|2340.99|1676.24|0|9.56176|-0.679334
flow0.3|2334.9|1659.02|0|4.02014|-1.73534
flow0.4|2347.48|1642|0|9.4212|-2.3498
flow0.5|2373.69|1615.45|0|13.7642|-2.3498
flow0.6|2398.92|1589.9|0|8.9246|-2.3498
flow0.7|2413.41|1578.99|0|3.02918|-2.78968
flow0.0|2412.17|1699.93|0|8.09783|-0.0942764
flow0.1|2371.61|1695.56|0|13.8318|-0.14837
flow0.2|2341.75|1676.85|0|9.76749|-0.679334
flow0.3|2334.83|1659.4|0|3.88192|-1.73534
flow0.4|2346.84|1642.65|0|9.11228|-2.3498
flow0.5|2372.72|1616.44|0|13.8519|-2.3498
flow0.6|2398.28|1590.55|0|9.09725|-2.3498
flow0.7|2413.11|1579.1|0|3.26938|-2.78968
flow0.0|2412.95|1700|0|7.88226|-0.0942764
flow0.1|2372.97|1695.76|0|13.7652|-0.14837
flow0.2|2342.52|1677.48|0|9.91109|-0.679334
flow0.3|2334.77|1659.76|0|3.6584|-1.73534
flow0.4|2346.21|1643.28|0|8.93075|-2.3498
flow0.5|2371.75|1617.42|0|13.8115|-2.3498
flow0.6|2397.62|1591.22|0|9.34425|-2.3498
flow0.7|2412.78|1579.22|0|3.47961|-2.78968
flow0.0|2413.71|1700.07|0|7.56417|-0.0942764
flow0.1|2374.34|1695.97|0|13.8707|-0.14837
flow0.2|2343.3|1678.11|0|10.0941|-0.679334
flow0.3|2334.72|1660.09|0|3.3389|-1.73534
flow0.4|2345.6|1643.91|0|8.73396|-2.3498
flow0.5|2370.78|1618.41|0|13.8189|-2.3498
flow0.6|2396.96|1591.89|0|9.4769|-2.3498
flow0.7|2412.43|1579.35|0|3.70389|-2.78968
flow0.0|2414.43|1700.14|0|7.27138|-0.0942764
flow0.1|2375.71|1696.17|0|13.7632|-0.14837
flow0.2|2344.11|1678.76|0|10.3188|-0.679334
flow0.3|2334.66|1660.45|0|3.5989|-1.73534
flow0.4|2345.01|1644.51|0|8.44047|-2.3498
flow0.5|2369.81|1619.39|0|13.8371|-2.3498
flow0.6|2396.28|1592.58|0|9.66151|-2.3498
flow0.7|2412.07|1579.48|0|3.89211|-2.78968
flow0.0|2415.12|1700.21|0|6.92817|-0.0942764
flow0.1|2377.07|1696.38|0|13.7746|-0.14837
flow0.2|2344.92|1679.42|0|10.513|-0.679334
flow0.3|2334.6|1660.83|0|3.8589|-1.73534
flow0.4|2344.43|1645.09|0|8.23446|-2.3498
flow0.5|2368.83|1620.38|0|13.8378|-2.3498
flow0.6|2395.58|1593.28|0|9.9182|-2.3498
flow0.7|2411.68|1579.62|0|4.11982|-2.78968
flow0.0|2415.78|1700.27|0|6.66155|-0.0942764
flow0.1|2378.45|1696.54|0|13.8866|-0.132151
flow0.2|2345.73|1680.12|0|10.6754|-0.694301
flow0.3|2334.53|1661.23|0|4.1189|-1.73534
flow0.4|2343.85|1645.68|0|8.24244|-2.3498
flow0.5|2367.86|1621.36|0|13.8415|-2.3498
flow0.6|2394.87|1594|0|10.0619|-2.3498
flow0.7|2411.28|1579.77|0|4.31158|-2.78968
flow0.0|2416.43|1700.33|0|6.45899|-0.0942764
flow0.1|2379.81|1696.7|0|13.7728|-0.118465
flow0.2|2346.54|1680.85|0|10.9135|-0.718095
flow0.3|2334.46|1661.67|0|4.3789|-1.73534
flow0.4|2343.28|1646.26|0|8.16519|-2.3498
flow0.5|2366.89|1622.34|0|13.7699|-2.3498
flow0.6|2394.16|1594.73|0|10.1961|-2.3498
flow0.7|2410.86|1579.93|0|4.45947|-2.78968
flow0.0|2417.04|1700.39|0|6.14638|-0.0942764
flow0.1|2381.19|1696.87|0|13.8236|-0.118465
flow0.2|2347.37|1681.59|0|11.1069|-0.733823
flow0.3|2334.38|1662.12|0|4.6389|-1.73534
flow0.4|2342.75|1646.87|0|8.11348|-2.32722
flow0.5|2365.92|1623.32|0|13.832|-2.3498
flow0.6|2393.43|1595.46|0|10.3405|-2.3498
flow0.7|2410.42|1580.09|0|4.70587|-2.78968
flow0.0|2417.62|1700.44|0|5.83208|-0.0942764
flow0.1|2382.55|1697.03|0|13.7739|-0.118465
flow0.2|2348.2|1682.35|0|11.2441|-0.733823
flow0.3|2334.3|1662.61|0|4.8989|-1.73534
flow0.4|2342.25|1647.51|0|8.07053|-2.28979
flow0.5|2364.95|1624.31|0|13.8015|-2.3498
flow0.6|2392.69|1596.21|0|10.5316|-2.3498
flow0.7|2409.96|1580.26|0|4.88496|-2.78968
flow0.0|2418.17|1700.49|0|5.54843|-0.0942764
flow0.1|2383.91|1697.19|0|13.6271|-0.118465
flow0.2|2349.05|1683.11|0|11.4328|-0.733823
flow0.3|2334.22|1663.12|0|5.1589|-1.73534
flow0.4|2341.76|1648.14|0|8.01237|-2.25263
flow0.5|2363.98|1625.29|0|13.7629|-2.3498
flow0.6|2391.94|1596.97|0|10.7086|-2.3498
flow0.7|2409.48|1580.43|0|5.05705|-2.78968
flow0.0|2418.7|1700.54|0|5.31819|-0.0942764
flow0.1|2385.23|1697.35|0|13.3334|-0.118465
flow0.2|2349.91|1683.89|0|11.6103|-0.733823
flow0.3|2334.13|1663.65|0|5.4189|-1.73534
flow0.4|2341.26|1648.78|0|8.07949|-2.23394
flow0.5|2363.03|1626.25|0|13.6021|-2.3498
flow0.6|2391.18|1597.75|0|10.8572|-2.3498
flow0.7|2408.98|1580.61|0|5.31312|-2.78968
flow0.0|2419.2|1700.59|0|5.03791|-0.0942764
flow0.1|2386.52|1697.5|0|13.0511|-0.118326
flow0.2|2350.79|1684.68|0|11.7977|-0.733823
flow0.3|2334.04|1664.21|0|5.6789|-1.73534
flow0.4|2340.77|1649.41|0|8.04677|-2.23394
flow0.5|2362.08|1627.21|0|13.4809|-2.3498
flow0.6|2390.39|1598.54|0|11.114|-2.3498
flow0.7|2408.47|1580.8|0|5.50415|-2.78968
flow0.0|2419.69|1700.64|0|4.87174|-0.0942764
flow0.1|2387.79|1697.62|0|12.6895|-0.106047
flow0.2|2351.68|1685.49|0|12.0024|-0.733823
flow0.3|2333.97|1664.8|0|5.92726|-1.72141
flow0.4|2340.27|1650.05|0|8.06811|-2.23394
flow0.5|2361.15|1628.16|0|13.3237|-2.3498
flow0.6|2389.6|1599.34|0|11.3541|-2.3498
flow0.7|2407.93|1581|0|5.76099|-2.78968
flow0.0|2420.14|1700.68|0|4.58288|-0.0942764
flow0.1|2389.04|1697.74|0|12.5393|-0.0942764
flow0.2|2352.59|1686.31|0|12.2351|-0.733823
flow0.3|2333.93|1665.42|0|6.17434|-1.69817
flow0.4|2339.77|1650.69|0|8.08532|-2.23394
flow0.5|2360.22|1629.1|0|13.2499|-2.3498
flow0.6|2388.78|1600.17|0|11.5778|-2.3498
flow0.7|2407.43|1581.29|0|5.89504|-2.75185
flow0.0|2420.58|1700.72|0|4.34644|-0.0942764
flow0.1|2390.24|1697.85|0|12.1379|-0.0942764
flow0.2|2353.51|1687.14|0|12.4078|-0.733823
flow0.3|2333.89|1666.05|0|6.38379|-1.67413
flow0.4|2339.27|1651.33|0|8.13061|-2.23394
flow0.5|2359.3|1630.04|0|13.0884|-2.3498
flow0.6|2387.96|1601|0|11.7474|-2.3498
flow0.7|2407|1581.72|0|6.08496|-2.64492
flow0.0|2420.99|1700.76|0|4.13528|-0.0942764
flow0.1|2391.43|1697.96|0|11.8781|-0.0942764
flow0.2|2354.44|1687.98|0|12.5414|-0.733823
flow0.3|2333.84|1666.7|0|6.51863|-1.6496
flow0.4|2338.79|1651.95|0|7.90807|-2.23394
flow0.5|2358.38|1630.96|0|12.9892|-2.3498
flow0.6|2387.12|1601.85|0|11.9233|-2.3498
flow0.7|2406.56|1582.17|0|6.28583|-2.53267
flow0.8|2415.85|1578.09|0|0.252195|-2.78968
flow0.0|2421.38|1700.8|0|3.90201|-0.0942764
flow0.1|2392.59|1698.07|0|11.6523|-0.0942764
flow0.2|2355.38|1688.83|0|12.6956|-0.733823
flow0.3|2333.88|1667.37|0|6.69431|-1.60593
flow0.4|2338.32|1652.54|0|7.49528|-2.23394
flow0.5|2357.49|1631.87|0|12.7824|-2.3498
flow0.6|2386.27|1602.71|0|12.0965|-2.3498
flow0.7|2406.1|1582.63|0|6.45528|-2.41838
flow0.8|2415.8|1578.11|0|0.50091|-2.78968
flow0.0|2421.75|1700.83|0|3.71683|-0.0942764
flow0.1|2393.71|1698.18|0|11.3131|-0.0942764
flow0.2|2356.34|1689.69|0|12.8851|-0.733823
flow0.3|2333.99|1668.05|0|6.88672|-1.54334
flow0.4|2337.88|1653.11|0|7.28251|-2.23394
flow0.5|2356.61|1632.76|0|12.4574|-2.3498
flow0.6|2385.41|1603.59|0|12.2537|-2.3498
flow0.7|2405.64|1583.1|0|6.59574|-2.3498
flow0.8|2415.73|1578.14|0|0.75721|-2.78968
flow0.0|2422.09|1700.86|0|3.45842|-0.0942764
flow0.1|2394.82|1698.29|0|11.1273|-0.0942764
flow0.2|2357.32|1690.57|0|13.1155|-0.733823
flow0.3|2334.1|1668.75|0|7.07663|-1.47889
flow0.4|2337.45|1653.66|0|6.98985|-2.23394
flow0.5|2355.76|1633.62|0|12.1391|-2.3498
flow0.6|2384.54|1604.47|0|12.4089|-2.3498
flow0.7|2405.16|1583.58|0|6.84393|-2.3498
flow0.8|2415.63|1578.17|0|0.993763|-2.78968
flow0.0|2422.46|1700.89|0|3.71842|-0.0897224
flow0.1|2395.9|1698.39|0|10.8458|-0.0942764
flow0.2|2358.31|1691.46|0|13.3328|-0.733823
flow0.3|2334.28|1669.43|0|7.20915|-1.38368
flow0.4|2337.03|1654.19|0|6.67904|-2.23394
flow0.5|2354.92|1634.46|0|11.8489|-2.3498
flow0.6|2383.66|1605.36|0|12.5535|-2.3498
flow0.7|2404.67|1584.08|0|6.98951|-2.3498
flow0.8|2415.52|1578.21|0|1.21497|-2.78968
flow0.0|2422.86|1700.91|0|3.97842|-0.0839248
flow0.1|2396.96|1698.49|0|10.6738|-0.0942764
flow0.2|2359.31|1692.36|0|13.4729|-0.733823
flow0.3|2334.6|1670.11|0|7.45343|-1.29761
flow0.4|2336.64|1654.7|0|6.41139|-2.23394
flow0.5|2354.11|1635.29|0|11.5796|-2.3498
flow0.6|2382.76|1606.27|0|12.7327|-2.3498
flow0.7|2404.16|1584.59|0|7.18416|-2.3498
flow0.8|2415.38|1578.26|0|1.44699|-2.78968
flow0.0|2423.28|1700.94|0|4.23842|-0.0777479
flow0.1|2398.02|1698.59|0|10.5892|-0.0942764
flow0.2|2360.33|1693.28|0|13.7273|-0.733823
flow0.3|2334.93|1670.8|0|7.70875|-1.20916
flow0.4|2336.26|1655.18|0|6.09133|-2.23394
flow0.5|2353.31|1636.09|0|11.3497|-2.3498
flow0.6|2381.86|1607.18|0|12.8848|-2.3498
flow0.7|2403.64|1585.12|0|7.40684|-2.3498
flow0.8|2415.23|1578.32|0|1.62435|-2.78968
flow0.0|2423.73|1700.96|0|4.49842|-0.0711918
flow0.1|2399.06|1698.69|0|10.4416|-0.0942764
flow0.2|2361.43|1694.04|0|13.7662|-0.661459
flow0.3|2335.39|1671.43|0|7.85092|-1.06769
flow0.4|2335.9|1655.64|0|5.93268|-2.23394
flow0.5|2352.53|1636.89|0|11.1407|-2.3498
flow0.6|2380.94|1608.12|0|13.1037|-2.3498
flow0.7|2403.11|1585.66|0|7.61625|-2.3498
flow0.8|2415.06|1578.38|0|1.86112|-2.78968
flow0.0|2424.21|1700.99|0|4.75842|-0.0642573
flow0.1|2400.08|1698.78|0|10.2959|-0.0942764
flow0.2|2362.8|1694.24|0|13.8591|-0.331346
flow0.3|2335.94|1672.02|0|8.09009|-0.96997
flow0.4|2335.55|1656.09|0|5.66037|-2.23394
flow0.5|2351.77|1637.66|0|10.8742|-2.3498
flow0.6|2380.01|1609.06|0|13.2485|-2.3498
flow0.7|2402.56|1586.22|0|7.79852|-2.3498
flow0.8|2414.86|1578.46|0|2.07378|-2.78968
flow0.0|2424.71|1701.02|0|5.01842|-0.0578419
flow0.1|2401.1|1698.88|0|10.1897|-0.0942764
flow0.2|2364.17|1694.45|0|13.8801|-0.14837
flow0.3|2336.5|1672.62|0|8.23167|-0.867325
flow0.4|2335.31|1656.56|0|5.40498|-2.19577
flow0.5|2351.02|1638.42|0|10.6087|-2.3498
flow0.6|2379.06|1610.02|0|13.4648|-2.3498
flow0.7|2402|1586.78|0|8.00128|-2.3498
flow0.8|2414.65|1578.53|0|2.26079|-2.78968
flow0.0|2425.23|1701.05|0|5.27842|-0.0578419
flow0.1|2402.1|1698.97|0|10.084|-0.0942764
flow0.2|2365.54|1694.65|0|13.8227|-0.14837
flow0.3|2337.16|1673.15|0|8.48373|-0.772805
flow0.4|2335.22|1657.06|0|5.13554|-2.09393
flow0.5|2350.3|1639.15|0|10.3299|-2.3498
flow0.6|2378.1|1610.99|0|13.7197|-2.3498
flow0.7|2401.42|1587.37|0|8.20484|-2.3498
flow0.8|2414.41|1578.62|0|2.51323|-2.78968
flow0.0|2425.79|1701.08|0|5.53842|-0.0578419
flow0.1|2403.1|1699.07|0|10.0732|-0.0942764
flow0.2|2366.9|1694.86|0|13.8026|-0.14837
flow0.3|2337.84|1673.7|0|8.65075|-0.723221
flow0.4|2335.14|1657.54|0|4.89785|-1.99462
flow0.5|2349.59|1639.87|0|10.0957|-2.3498
flow0.6|2377.12|1611.98|0|13.8335|-2.3498
flow0.7|2400.83|1587.96|0|8.34809|-2.3498
flow0.8|2414.16|1578.72|0|2.74885|-2.78968
flow0.0|2426.37|1701.11|0|5.79842|-0.0578419
flow0.1|2404.1|1699.16|0|10.044|-0.0942764
flow0.2|2368.27|1695.06|0|13.8124|-0.14837
flow0.3|2338.53|1674.25|0|8.84956|-0.679334
flow0.4|2335.07|1658|0|4.63734|-1.90037
flow0.5|2348.89|1640.57|0|9.90772|-2.3498
flow0.6|2376.16|1612.96|0|13.7603|-2.3498
flow0.7|2400.23|1588.57|0|8.60769|-2.3498
flow0.8|2413.88|1578.82|0|2.96177|-2.78968
flow0.0|2426.96|1701.18|0|5.96998|-0.0712614
flow0.1|2405.1|1699.26|0|10.032|-0.0942764
flow0.2|2369.64|1695.26|0|13.8474|-0.14837
flow0.3|2339.23|1674.82|0|9.07145|-0.679334
flow0.4|2334.99|1658.44|0|4.44149|-1.81146
flow0.5|2348.22|1641.25|0|9.56961|-2.3498
flow0.6|2375.19|1613.94|0|13.7639|-2.3498
flow0.7|2399.61|1589.2|0|8.84499|-2.3498
flow0.8|2413.58|1578.93|0|3.13546|-2.78968
flow0.0|2427.57|1701.28|0|6.19898|-0.0971071
flow0.1|2406.09|1699.35|0|9.91687|-0.0942764
flow0.2|2371.01|1695.47|0|13.8376|-0.14837
flow0.3|2339.96|1675.41|0|9.29453|-0.679334
flow0.4|2334.93|1658.85|0|4.20018|-1.73534
flow0.5|2347.56|1641.92|0|9.34989|-2.3498
flow0.6|2374.22|1614.92|0|13.8111|-2.3498
flow0.7|2398.97|1589.85|0|9.06478|-2.3498
flow0.8|2413.27|1579.04|0|3.33337|-2.78968
flow0.0|2428.2|1701.39|0|6.40285|-0.123829
flow0.1|2407.08|1699.44|0|9.93028|-0.0942764
flow0.2|2372.38|1695.67|0|13.8307|-0.14837
flow0.3|2340.69|1676|0|9.47756|-0.679334
flow0.4|2334.86|1659.24|0|3.86807|-1.73534
flow0.5|2346.92|1642.57|0|9.15997|-2.3498
flow0.6|2373.25|1615.9|0|13.8338|-2.3498
flow0.7|2398.32|1590.51|0|9.27695|-2.3498
flow0.8|2412.95|1579.16|0|3.4727|-2.78968
flow0.0|2428.79|1701.67|0|6.58602|-0.225049
flow0.1|2408.03|1699.53|0|9.57142|-0.0942764
flow0.2|2373.74|1695.88|0|13.8046|-0.14837
flow0.3|2341.45|1676.61|0|9.69292|-0.679334
flow0.4|2334.8|1659.6|0|3.6428|-1.73534
flow0.5|2346.29|1643.2|0|8.87834|-2.3498
flow0.6|2372.27|1616.89|0|13.8727|-2.3498
flow0.7|2397.65|1591.18|0|9.49087|-2.3498
flow0.8|2412.6|1579.29|0|3.72012|-2.78968
flow0.0|2429.4|1701.97|0|6.78776|-0.316269
flow0.1|2408.95|1699.62|0|9.2983|-0.0942764
flow0.2|2375.1|1696.08|0|13.7601|-0.14837
flow0.3|2342.21|1677.23|0|9.82492|-0.679334
flow0.4|2334.75|1659.94|0|3.4578|-1.73534
flow0.5|2345.69|1643.82|0|8.62703|-2.3498
flow0.6|2371.3|1617.88|0|13.8376|-2.3498
flow0.7|2396.97|1591.88|0|9.69922|-2.3498
flow0.8|2412.22|1579.43|0|3.97523|-2.78968
flow0.0|2429.87|1702.47|0|6.93209|-0.498417
flow0.1|2409.85|1699.71|0|8.96077|-0.0942764
flow0.2|2376.47|1696.29|0|13.8553|-0.14837
flow0.3|2342.99|1677.86|0|9.95801|-0.679334
flow0.4|2334.69|1660.3|0|3.7178|-1.73534
flow0.5|2345.1|1644.41|0|8.36425|-2.3498
flow0.6|2370.33|1618.86|0|13.8071|-2.3498
flow0.7|2396.28|1592.58|0|9.87186|-2.3498
flow0.8|2411.84|1579.57|0|4.12954|-2.78968
flow0.0|2430.29|1703.03|0|7.0926|-0.691015
flow0.1|2410.71|1699.79|0|8.70709|-0.0942764
flow0.2|2377.85|1696.47|0|13.8464|-0.139388
flow0.3|2343.78|1678.5|0|10.2073|-0.679334
flow0.4|2334.62|1660.7|0|3.9778|-1.73534
flow0.5|2344.52|1645|0|8.29001|-2.3498
flow0.6|2369.36|1619.85|0|13.8752|-2.3498
flow0.7|2395.57|1593.29|0|10.0411|-2.3498
flow0.8|2411.43|1579.72|0|4.35415|-2.78968
flow0.0|2430.52|1703.72|0|7.23936|-0.921317
flow0.1|2411.55|1699.87|0|8.35375|-0.0942764
flow0.2|2379.21|1696.63|0|13.7895|-0.122891
flow0.3|2344.59|1679.15|0|10.4335|-0.679334
flow0.4|2334.55|1661.11|0|4.2378|-1.73534
flow0.5|2343.93|1645.59|0|8.30686|-2.3498
flow0.6|2368.38|1620.83|0|13.8586|-2.3498
flow0.7|2394.85|1594.02|0|10.2832|-2.3498
flow0.8|2411|1579.87|0|4.55795|-2.78968
flow0.0|2430.7|1704.43|0|7.4227|-1.12805
flow0.1|2412.35|1699.94|0|8.04742|-0.0942764
flow0.2|2380.58|1696.79|0|13.7683|-0.118465
flow0.3|2345.41|1679.83|0|10.6796|-0.685022
flow0.4|2334.48|1661.56|0|4.4978|-1.73534
flow0.5|2343.36|1646.17|0|8.12071|-2.3498
flow0.6|2367.41|1621.82|0|13.8337|-2.3498
flow0.7|2394.11|1594.77|0|10.528|-2.3498
flow0.8|2410.55|1580.04|0|4.77568|-2.78968
flow0.0|2430.82|1705.19|0|7.63073|-1.30564
flow0.1|2413.11|1700.02|0|7.69823|-0.0942764
flow0.2|2381.93|1696.95|0|13.5456|-0.118465
flow0.3|2346.22|1680.56|0|10.862|-0.708702
flow0.4|2334.4|1662.03|0|4.7578|-1.73534
flow0.5|2342.83|1646.77|0|8.07723|-2.33314
flow0.6|2366.44|1622.8|0|13.7797|-2.3498
flow0.7|2393.35|1595.54|0|10.7812|-2.3498
flow0.8|2410.09|1580.21|0|4.91403|-2.78968
flow0.0|2430.93|1705.96|0|7.77389|-1.37702
flow0.1|2413.86|1700.09|0|7.51218|-0.0942764
flow0.2|2383.24|1697.11|0|13.2782|-0.118465
flow0.3|2347.04|1681.3|0|11.033|-0.732751
flow0.4|2334.32|1662.52|0|5.0178|-1.73534
flow0.5|2342.33|1647.41|0|8.12431|-2.29547
flow0.6|2365.47|1623.78|0|13.8625|-2.3498
flow0.7|2392.58|1596.32|0|11.0219|-2.3498
flow0.8|2409.61|1580.38|0|5.07458|-2.78968
flow0.0|2431.05|1706.75|0|8.00248|-1.41999
flow0.1|2414.57|1700.15|0|7.17229|-0.0942764
flow0.2|2384.54|1697.27|0|13.0884|-0.118465
flow0.3|2347.87|1682.05|0|11.2125|-0.733823
flow0.4|2334.23|1663.04|0|5.2778|-1.73534
flow0.5|2341.83|1648.06|0|8.15693|-2.25764
flow0.6|2364.49|1624.77|0|13.8774|-2.3498
flow0.7|2391.79|1597.13|0|11.2702|-2.3498
flow0.8|2409.12|1580.57|0|5.26987|-2.78968
flow0.0|2431.18|1707.56|0|8.20097|-1.41999
flow0.1|2415.26|1700.22|0|6.92761|-0.0942764
flow0.2|2385.81|1697.42|0|12.7812|-0.118465
flow0.3|2348.72|1682.82|0|11.4649|-0.733823
flow0.4|2334.14|1663.59|0|5.5378|-1.73534
flow0.5|2341.33|1648.7|0|8.13543|-2.23394
flow0.6|2363.53|1625.75|0|13.7277|-2.3498
flow0.7|2390.98|1597.94|0|11.4185|-2.3498
flow0.8|2408.61|1580.75|0|5.41331|-2.78968
flow0.0|2431.3|1708.38|0|8.34954|-1.41999
flow0.1|2415.92|1700.28|0|6.62799|-0.0942764
flow0.2|2387.06|1697.55|0|12.5786|-0.113102
flow0.3|2349.59|1683.6|0|11.5992|-0.733823
flow0.4|2334.04|1664.16|0|5.7978|-1.73534
flow0.5|2340.83|1649.34|0|8.10933|-2.23394
flow0.6|2362.57|1626.72|0|13.6469|-2.3498
flow0.7|2390.17|1598.77|0|11.6124|-2.3498
flow0.8|2408.09|1580.94|0|5.54591|-2.78968
flow0.0|2431.43|1709.24|0|8.60189|-1.41999
flow0.1|2416.56|1700.34|0|6.37632|-0.0942764
flow0.2|2388.28|1697.67|0|12.2606|-0.101239
flow0.3|2350.46|1684.39|0|11.8067|-0.733823
flow0.4|2333.98|1664.76|0|6.05264|-1.72285
flow0.5|2340.32|1649.98|0|8.18532|-2.23394
flow0.6|2361.62|1627.68|0|13.4932|-2.3498
flow0.7|2389.34|1599.61|0|11.8371|-2.3498
flow0.8|2407.56|1581.15|0|5.74634|-2.78428
flow0.0|2431.56|1710.11|0|8.81231|-1.41999
flow0.1|2417.16|1700.4|0|6.08236|-0.0942764
flow0.2|2389.47|1697.78|0|11.9727|-0.0942764
flow0.3|2351.35|1685.19|0|11.9739|-0.733823
flow0.4|2333.93|1665.39|0|6.26075|-1.69929
flow0.5|2339.82|1650.62|0|8.15358|-2.23394
flow0.6|2360.68|1628.63|0|13.4404|-2.3498
flow0.7|2388.49|1600.46|0|12.0523|-2.3498
flow0.8|2407.14|1581.57|0|5.89496|-2.68174
flow0.0|2431.7|1710.99|0|8.9654|-1.41999
flow0.1|2417.75|1700.45|0|5.86076|-0.0942764
flow0.2|2390.64|1697.89|0|11.7026|-0.0942764
flow0.3|2352.25|1686|0|12.1479|-0.733823
flow0.4|2333.89|1666.02|0|6.40193|-1.67518
flow0.5|2339.31|1651.27|0|8.2305|-2.23394
flow0.6|2359.75|1629.58|0|13.2502|-2.3498
flow0.7|2387.63|1601.34|0|12.2636|-2.3498
flow0.8|2406.72|1582|0|6.07507|-2.57356
flow0.0|2431.84|1711.9|0|9.17274|-1.41999
flow0.1|2418.3|1700.51|0|5.59001|-0.0942764
flow0.2|2391.78|1698|0|11.4287|-0.0942764
flow0.3|2353.17|1686.83|0|12.3668|-0.733823
flow0.4|2333.84|1666.68|0|6.56108|-1.65049
flow0.5|2338.83|1651.89|0|7.84852|-2.23394
flow0.6|2358.83|1630.51|0|13.1258|-2.3498
flow0.7|2386.76|1602.22|0|12.4292|-2.3498
flow0.8|2406.27|1582.45|0|6.29294|-2.46145
flow0.9|2415.85|1578.09|0|0.25302|-2.78968
flow0.0|2431.98|1712.83|0|9.41847|-1.41999
flow0.1|2418.83|1700.56|0|5.25207|-0.0942764
flow0.2|2392.89|1698.1|0|11.2251|-0.0942764
flow0.3|2354.11|1687.67|0|12.5538|-0.733823
flow0.4|2333.88|1667.35|0|6.75207|-1.60756
flow0.5|2338.36|1652.49|0|7.58981|-2.23394
flow0.6|2357.92|1631.43|0|12.8677|-2.3498
flow0.7|2385.87|1603.12|0|12.6474|-2.3498
flow0.8|2405.82|1582.91|0|6.46013|-2.3498
flow0.9|2415.8|1578.11|0|0.512252|-2.78968
flow0.0|2432.12|1713.79|0|9.66504|-1.41999
flow0.1|2419.32|1700.6|0|4.97313|-0.0942764
flow0.2|2393.98|1698.21|0|10.8717|-0.0942764
flow0.3|2355.06|1688.53|0|12.8099|-0.733823
flow0.4|2333.99|1668.03|0|6.92339|-1.54464
flow0.5|2337.92|1653.06|0|7.27177|-2.23394
flow0.6|2357.03|1632.33|0|12.6401|-2.3498
flow0.7|2384.97|1604.03|0|12.816|-2.3498
flow0.8|2405.35|1583.38|0|6.63359|-2.3498
flow0.9|2415.73|1578.14|0|0.747741|-2.78968
flow0.0|2432.27|1714.76|0|9.8569|-1.41999
flow0.1|2419.8|1700.65|0|4.804|-0.0942764
flow0.2|2395.03|1698.31|0|10.5967|-0.0942764
flow0.3|2356.02|1689.4|0|12.9481|-0.733823
flow0.4|2334.1|1668.73|0|7.07987|-1.48016
flow0.5|2337.49|1653.61|0|6.95301|-2.23394
flow0.6|2356.17|1633.2|0|12.2541|-2.3498
flow0.7|2384.05|1604.96|0|13.0722|-2.3498
flow0.8|2404.87|1583.87|0|6.89344|-2.3498
flow0.9|2415.64|1578.17|0|0.980788|-2.78968
