0011|2183.45|686.779|0|0.252865|1.42671
0011|2183.45|686.73|0|0.497663|1.42671
0011|2183.46|686.658|0|0.730569|1.42671
0011|2183.48|686.564|0|0.948754|1.42671
0011|2183.49|686.448|0|1.17232|1.42671
0011|2183.51|686.312|0|1.37088|1.42671
0011|2183.54|686.155|0|1.58645|1.42671
0011|2183.56|685.98|0|1.76823|1.42671
0011|2183.59|685.784|0|1.98527|1.42671
0011|2183.62|685.568|0|2.17526|1.42671
0011|2183.66|685.335|0|2.35662|1.42671
0011|2183.69|685.081|0|2.56665|1.42671
0011|2180.46|684.323|0|2.76976|1.42653
0011|2180.51|684.027|0|2.99108|1.42653
0011|2180.55|683.716|0|3.13515|1.42653
0011|2180.6|683.381|0|3.38778|1.42653
0011|2180.65|683.032|0|3.5225|1.42653
0011|2180.71|682.661|0|3.74706|1.42653
0011|2180.76|682.27|0|3.95721|1.42653
0011|2180.82|681.858|0|4.15511|1.42653
0011|2180.88|681.431|0|4.31219|1.42653
0011|2180.95|680.989|0|4.46661|1.42653
0011|2181.02|680.528|0|4.65785|1.42653
0011|2181.08|680.047|0|4.85545|1.42653
0011|2181.16|679.548|0|5.04161|1.42653
0011|2181.23|679.028|0|5.25055|1.42653
0011|2181.31|678.495|0|5.39022|1.42653
0011|2181.39|677.946|0|5.54153|1.42653
0011|2181.47|677.373|0|5.79229|1.42653
0011|2181.56|676.778|0|6.00843|1.42653
0011|2181.65|676.158|0|6.2571|1.42653
0011|2181.74|675.522|0|6.43284|1.42653
0011|2181.84|674.859|0|6.69021|1.42653
0011|2181.94|674.176|0|6.90234|1.42653
0011|2182.04|673.478|0|7.0541|1.42653
0011|2182.14|672.766|0|7.18967|1.42653
0011|2182.25|672.038|0|7.34851|1.42653
0011|2182.36|671.287|0|7.59027|1.42653
0011|2182.47|670.521|0|7.73716|1.42653
0011|2182.58|669.74|0|7.88405|1.42653
0011|2182.7|668.947|0|8.01683|1.42653
0011|2182.82|668.133|0|8.21526|1.42653
0011|2182.94|667.304|0|8.37137|1.42653
0011|2183.06|666.46|0|8.52725|1.42653
0011|2183.18|665.596|0|8.72726|1.42653
0011|2183.31|664.713|0|8.9196|1.42653
0011|2183.44|663.814|0|9.07813|1.42653
0011|2183.58|662.899|0|9.24988|1.42653
0011|2183.71|661.959|0|9.4945|1.42653
0011|2183.85|661.002|0|9.66082|1.42653
0011|2183.99|660.028|0|9.83763|1.42653
0011|2184.14|659.036|0|10.022|1.42653
0011|2184.28|658.02|0|10.2633|1.42653
0011|2184.44|656.985|0|10.4535|1.42653
0011|2184.59|655.937|0|10.5907|1.42653
0011|2184.74|654.872|0|10.752|1.42653
0011|2184.9|653.789|0|10.9442|1.42653
0011|2185.06|652.681|0|11.1904|1.42653
0011|2185.22|651.553|0|11.3965|1.42653
0011|2185.39|650.405|0|11.595|1.42653
0011|2185.56|649.235|0|11.8206|1.42653
0011|2185.73|648.041|0|12.0563|1.42653
0011|2185.91|646.832|0|12.2157|1.42653
0011|2186.09|645.606|0|12.3799|1.42653
0011|2186.27|644.36|0|12.5806|1.42653
0011|2186.45|643.092|0|12.8124|1.42653
0011|2186.64|641.805|0|12.9985|1.42653
0011|2186.83|640.494|0|13.241|1.42653
0011|2187.02|639.158|0|13.4985|1.42653
0011|2187.21|637.857|0|13.1412|1.42653
0011|2187.4|636.594|0|12.7607|1.42653
0011|2187.58|635.358|0|12.4832|1.42653
0011|2187.75|634.161|0|12.0857|1.42653
0011|2187.93|632.995|0|11.8011|1.42377
0011|2188.11|631.867|0|11.4163|1.42053
0011|2188.29|630.769|0|11.1178|1.41739
0011|2188.46|629.71|0|10.7183|1.41435
0011|2188.62|628.683|0|10.4001|1.41238
0011|2188.78|627.684|0|10.109|1.41238
0011|2188.94|626.714|0|9.82269|1.41238
0011|2189.09|625.773|0|9.51759|1.41238
0011|2189.23|624.875|0|9.17118|1.41355
0011|2189.36|624.004|0|8.88647|1.41471
0011|2189.49|623.169|0|8.51955|1.41582
0011|2189.61|622.356|0|8.24499|1.41713
0011|2189.73|621.562|0|8.02614|1.41858
0011|2189.84|620.796|0|7.73395|1.41992
0011|2189.95|620.071|0|7.32177|1.42028
0011|2190.06|619.37|0|7.07821|1.42062
0011|2190.16|618.697|0|6.79686|1.42095
0011|2190.26|618.052|0|6.51687|1.42127
0011|2190.35|617.428|0|6.3103|1.42136
0011|2190.44|616.83|0|6.03222|1.42136
0011|2190.53|616.261|0|5.74834|1.42136
0011|2190.61|615.715|0|5.51685|1.42136
0011|2190.69|615.202|0|5.17968|1.42136
0011|2190.76|614.708|0|4.98961|1.42136
0011|2190.83|614.242|0|4.70615|1.42136
0011|2190.91|613.798|0|4.50258|1.42002
0011|2190.99|613.38|0|4.27325|1.41545
0011|2191.07|612.986|0|4.01647|1.41114
0011|2191.15|612.608|0|3.86472|1.407
0011|2191.22|612.256|0|3.59799|1.40314
0011|2191.29|611.927|0|3.36414|1.39953
0011|2191.36|611.572|0|3.62414|1.39564
0011|2191.44|611.191|0|3.88414|1.39147
0011|2191.53|610.786|0|4.14414|1.38702
0011|2191.61|610.355|0|4.40414|1.38229
0011|2191.71|609.898|0|4.66414|1.37728
0011|2191.81|609.416|0|4.92414|1.37199
0011|2191.91|608.908|0|5.18414|1.3677
0011|2192.02|608.375|0|5.44414|1.3677
0011|2192.1|607.84|0|5.70414|1.37481
0011|2191.83|608.201|0|5.8885|1.42385
0011|2191.73|608.804|0|6.11558|1.44034
0011|2191.63|609.428|0|6.32171|1.48329
0011|2191.53|610.074|0|6.52109|2.01152
0011|2191.43|610.738|0|6.71938|-1.85948
0011|2191.33|611.426|0|6.9476|-1.79691
0011|2191.23|612.132|0|7.12655|-1.77759
0011|2191.13|612.861|0|7.36588|-1.72478
0011|2191.02|613.612|0|7.58194|-1.71725
0011|2190.92|614.387|0|7.82759|-1.7137
0011|2190.81|615.179|0|7.99987|-1.71205
0011|2190.69|615.988|0|8.17455|-1.71037
0011|2190.58|616.819|0|8.39331|-1.70976
0011|2190.46|617.674|0|8.63535|-1.70913
0011|2190.34|618.544|0|8.79416|-1.70852
0011|2190.22|619.438|0|9.02861|-1.70852
0011|2190.09|620.345|0|9.16516|-1.70852
0011|2189.96|621.273|0|9.37723|-1.70852
0011|2189.83|622.219|0|9.5511|-1.70852
0011|2189.7|623.179|0|9.70437|-1.70852
0011|2189.56|624.165|0|9.96261|-1.70878
0011|2189.42|625.176|0|10.21|-1.70908
0011|2189.27|626.204|0|10.389|-1.70938
0011|2189.13|627.247|0|10.5401|-1.70969
0011|2188.98|628.307|0|10.7125|-1.70999
0011|2188.83|629.392|0|10.96|-1.70999
0011|2188.67|630.49|0|11.0937|-1.70999
0011|2188.52|631.601|0|11.2267|-1.70999
0011|2188.36|632.726|0|11.3726|-1.70999
0011|2188.2|633.871|0|11.5716|-1.71024
0011|2188.03|635.035|0|11.7654|-1.71155
0011|2187.86|636.211|0|11.8984|-1.71288
0011|2187.68|637.413|0|12.1512|-1.71424
0011|2187.5|638.632|0|12.3325|-1.71557
0011|2187.32|639.872|0|12.5339|-1.71557
0011|2187.14|641.127|0|12.6978|-1.71557
0011|2186.95|642.408|0|12.9552|-1.71557
0011|2186.76|643.715|0|13.2101|-1.71557
0011|2186.57|645.041|0|13.4127|-1.71557
0011|2186.37|646.389|0|13.6359|-1.71557
0011|2186.17|647.75|0|13.7627|-1.71557
0011|2185.97|649.122|0|13.8744|-1.71557
0011|2185.77|650.491|0|13.8433|-1.71557
0011|2185.57|651.861|0|13.8515|-1.71557
0011|2185.38|653.228|0|13.8275|-1.71557
0011|2185.18|654.6|0|13.8746|-1.71557
0011|2184.98|655.965|0|13.8005|-1.71557
0011|2184.78|657.334|0|13.8487|-1.71557
0011|2184.58|658.696|0|13.7755|-1.71557
0011|2184.38|660.065|0|13.8361|-1.71557
0011|2184.18|661.426|0|13.7706|-1.71557
0011|2183.98|662.799|0|13.8817|-1.71557
0011|2183.78|664.17|0|13.8618|-1.71557
0011|2183.58|665.534|0|13.8|-1.71557
0011|2183.38|666.901|0|13.8165|-1.71557
0011|2183.18|668.267|0|13.8163|-1.71557
0011|2182.98|669.629|0|13.7775|-1.71557
0011|2182.78|670.999|0|13.8555|-1.71557
0011|2179.3|671.995|0|13.8238|-1.71577
0011|2179.1|673.363|0|13.822|-1.71577
0011|2178.91|674.727|0|13.7708|-1.71577
0011|2178.71|676.101|0|13.8778|-1.71577
0011|2178.51|677.464|0|13.7702|-1.71577
0011|2178.31|678.832|0|13.8151|-1.71577
0011|2178.11|680.206|0|13.8792|-1.71577
0011|2177.91|681.57|0|13.7692|-1.71577
0011|2177.71|682.941|0|13.8539|-1.71577
0011|2177.51|684.313|0|13.8486|-1.71577
0011|2177.31|685.688|0|13.8888|-1.71577
0011|2177.11|687.055|0|13.8032|-1.71577
0011|2176.91|688.419|0|13.7805|-1.71577
0011|2176.71|689.793|0|13.8729|-1.71577
0011|2176.51|691.16|0|13.8059|-1.71577
0011|2176.31|692.526|0|13.7969|-1.71577
0011|2176.11|693.89|0|13.7806|-1.71577
0011|2175.91|695.262|0|13.8524|-1.71577
0011|2175.71|696.628|0|13.8556|-1.71513
0011|2175.55|697.951|0|13.8662|-1.70933
0011|2175.38|699.271|0|13.8383|-1.70342
0011|2175.24|700.683|0|13.8138|-1.69127
0011|2175.09|702.103|0|13.8181|-1.68184
0011|2174.96|703.519|0|13.8874|-1.67373
0011|2174.85|704.91|0|13.8686|-1.66397
0011|2174.74|706.293|0|13.7822|-1.65827
0011|2174.63|707.682|0|13.8419|-1.65246
0011|2174.52|709.075|0|13.8894|-1.65088
0011|2174.4|710.466|0|13.871|-1.65088
0011|2174.29|711.851|0|13.8019|-1.65088
0011|2174.19|713.233|0|13.8159|-1.64846
0011|2174.11|714.616|0|13.8549|-1.64382
0011|2174.02|715.993|0|13.7985|-1.63919
0011|2173.93|717.369|0|13.7944|-1.63454
0011|2173.84|718.752|0|13.8525|-1.6341
0011|2173.76|720.126|0|13.7649|-1.6341
0011|2173.67|721.506|0|13.8337|-1.6341
0011|2173.58|722.889|0|13.8577|-1.6341
0011|2173.49|724.265|0|13.7917|-1.6341
0011|2173.41|725.644|0|13.8151|-1.6341
0011|2173.32|727.025|0|13.8385|-1.6341
0011|2173.23|728.403|0|13.813|-1.6341
0011|2173.15|729.778|0|13.7735|-1.6341
0011|2173.06|731.157|0|13.8156|-1.6341
0011|2172.97|732.535|0|13.8069|-1.6341
0011|2172.88|733.918|0|13.861|-1.6341
0011|2172.8|735.292|0|13.7741|-1.6341
0011|2172.71|736.666|0|13.7661|-1.6341
0011|2172.62|738.044|0|13.8016|-1.6341
0011|2172.53|739.424|0|13.8319|-1.6341
0011|2172.45|740.804|0|13.8316|-1.6341
0011|2172.36|742.179|0|13.78|-1.6341
0011|2172.27|743.553|0|13.7628|-1.6341
0011|2172.18|744.93|0|13.7991|-1.6341
0011|2172.1|746.315|0|13.8749|-1.6341
0011|2172.01|747.697|0|13.8513|-1.6341
0011|2171.92|749.073|0|13.7903|-1.6341
0011|2171.84|750.449|0|13.7842|-1.6341
0011|2171.75|751.829|0|13.8365|-1.6341
0011|2171.66|753.21|0|13.8385|-1.6341
0011|2171.57|754.588|0|13.8022|-1.6341
0011|2171.49|755.963|0|13.7755|-1.6341
0011|2171.4|757.345|0|13.8575|-1.6341
0011|2171.31|758.724|0|13.8144|-1.6341
0011|2171.22|760.106|0|13.8493|-1.6341
0011|2171.14|761.481|0|13.7754|-1.6341
0011|2171.05|762.854|0|13.7645|-1.6341
0011|2174.26|764.442|0|13.8|-1.6341
0011|2174.17|765.82|0|13.8135|-1.6341
0011|2174.09|767.197|0|13.7957|-1.6341
0011|2174|768.575|0|13.8042|-1.6341
0011|2173.91|769.954|0|13.8248|-1.6341
0011|2173.82|771.334|0|13.8207|-1.6341
0011|2173.74|772.707|0|13.7657|-1.6341
0011|2173.65|774.091|0|13.86|-1.6341
0011|2173.56|775.468|0|13.8063|-1.6341
0011|2173.47|776.849|0|13.8387|-1.6341
0011|2173.38|778.23|0|13.8349|-1.63495
0011|2173.27|779.606|0|13.8096|-1.64076
0011|2173.15|780.982|0|13.8112|-1.64657
0011|2173.03|782.36|0|13.8283|-1.65239
0011|2172.92|783.743|0|13.8875|-1.65515
0011|2172.8|785.121|0|13.8289|-1.65515
0011|2172.68|786.501|0|13.8508|-1.65515
0011|2172.57|787.876|0|13.7969|-1.65515
0011|2172.45|789.252|0|13.8042|-1.65515
0011|2172.33|790.632|0|13.8526|-1.65515
0011|2172.22|792.012|0|13.8523|-1.65515
0011|2172.1|793.391|0|13.8401|-1.65515
0011|2171.98|794.767|0|13.8097|-1.65515
0011|2171.87|796.141|0|13.7926|-1.65515
0011|2171.75|797.52|0|13.8343|-1.65515
0011|2171.64|798.892|0|13.7758|-1.65515
0011|2171.52|800.275|0|13.8724|-1.65515
0011|2171.4|801.657|0|13.8766|-1.65515
0011|2171.29|803.038|0|13.8512|-1.65515
0011|2171.17|804.42|0|13.878|-1.65515
0011|2171.05|805.797|0|13.8159|-1.65515
0011|2170.94|807.176|0|13.844|-1.65515
0011|2170.82|808.553|0|13.8132|-1.65515
0011|2170.7|809.93|0|13.8183|-1.65515
0011|2170.59|811.306|0|13.8153|-1.65515
0011|2170.47|812.69|0|13.8856|-1.65515
0011|2170.35|814.065|0|13.8051|-1.65515
0011|2170.24|815.437|0|13.764|-1.65515
0011|2170.12|816.812|0|13.8052|-1.65515
0011|2170|818.192|0|13.8483|-1.65515
0011|2169.89|819.57|0|13.8339|-1.65515
0011|2169.77|820.952|0|13.8612|-1.65515
0011|2169.65|822.324|0|13.7734|-1.65515
0011|2169.54|823.706|0|13.8716|-1.65515
0011|2169.42|825.085|0|13.8422|-1.65515
0011|2169.33|826.47|0|13.8774|-1.64968
0011|2169.24|827.851|0|13.8333|-1.64417
0011|2169.15|829.224|0|13.7621|-1.63868
0011|2169.07|830.598|0|13.774|-1.63522
0011|2168.98|831.981|0|13.8562|-1.63522
0011|2168.89|833.357|0|13.7852|-1.63522
0011|2168.8|834.736|0|13.8202|-1.63522
0011|2168.71|836.113|0|13.7985|-1.63522
0011|2168.62|837.493|0|13.8318|-1.63522
0011|2168.53|838.878|0|13.877|-1.63522
0011|2168.44|840.262|0|13.8771|-1.63522
0011|2168.35|841.636|0|13.7705|-1.63522
0011|2168.26|843.018|0|13.8442|-1.63522
0011|2168.18|844.395|0|13.7971|-1.63522
0011|2168.09|845.775|0|13.829|-1.63522
0011|2168|847.148|0|13.7601|-1.63522
0011|2167.91|848.523|0|13.7807|-1.63522
0011|2167.82|849.907|0|13.8706|-1.63522
0011|2167.73|851.281|0|13.7724|-1.63522
0011|2167.64|852.656|0|13.7771|-1.63522
0011|2167.55|854.042|0|13.8851|-1.63522
0011|2167.46|855.426|0|13.8689|-1.63522
0011|2167.37|856.805|0|13.8239|-1.63522
0011|2167.29|858.183|0|13.81|-1.63522
0011|2167.2|859.567|0|13.8683|-1.63522
0011|2167.11|860.851|0|13.8739|-1.63519
0011|2167.03|862.211|0|13.7887|-1.63481
0011|2166.94|863.571|0|13.7798|-1.63442
0011|2166.85|864.93|0|13.7776|-1.63458
0011|2166.76|866.303|0|13.785|-1.6351
0011|2166.67|867.712|0|13.8365|-1.63606
0011|2166.58|869.12|0|13.816|-1.63685
0011|2166.48|870.534|0|13.8718|-1.63716
0011|2166.39|871.944|0|13.8371|-1.63726
0011|2166.29|873.337|0|13.8857|-1.63734
0011|2166.2|874.722|0|13.881|-1.63745
0011|2166.11|876.094|0|13.7623|-1.63756
0011|2166.02|877.471|0|13.7993|-1.63766
0011|2165.93|878.851|0|13.8415|-1.63766
0011|2165.83|880.231|0|13.831|-1.63766
0011|2165.74|881.611|0|13.8354|-1.63766
0011|2165.65|882.987|0|13.7961|-1.63766
0011|2165.56|884.372|0|13.8834|-1.63766
0011|2165.46|885.746|0|13.7774|-1.63766
0011|2165.37|887.127|0|13.8425|-1.63766
0011|2165.28|888.499|0|13.7632|-1.63766
0011|2165.19|889.884|0|13.8878|-1.63766
0011|2165.09|891.259|0|13.7787|-1.63766
0011|2165|892.641|0|13.86|-1.63766
0011|2164.91|894.026|0|13.8885|-1.63766
0011|2164.82|895.402|0|13.7906|-1.63766
0011|2164.72|896.783|0|13.8432|-1.63766
0011|2164.63|898.156|0|13.7673|-1.63766
0011|2164.54|899.532|0|13.7951|-1.63766
0011|2164.45|900.907|0|13.7925|-1.63766
0011|2164.36|902.291|0|13.8677|-1.63766
0011|2164.26|903.672|0|13.8459|-1.63766
0011|2164.17|905.05|0|13.8223|-1.63766
0011|2164.08|906.429|0|13.8264|-1.63766
0011|2163.99|907.814|0|13.8829|-1.63766
0011|2163.89|909.195|0|13.8459|-1.63766
0011|2163.8|910.578|0|13.864|-1.63766
0011|2163.71|911.961|0|13.8667|-1.63766
0011|2163.62|913.346|0|13.8876|-1.63766
0011|2163.52|914.729|0|13.8678|-1.63766
0011|2163.43|916.104|0|13.7868|-1.63766
0011|2163.34|917.484|0|13.8298|-1.63766
0011|2163.25|918.866|0|13.8609|-1.63766
0011|2163.15|920.24|0|13.7763|-1.63766
0011|2163.06|921.621|0|13.8451|-1.63766
0011|2162.97|922.995|0|13.7673|-1.63766
0011|2162.88|924.368|0|13.7693|-1.63766
0011|2162.79|925.745|0|13.8109|-1.63766
0011|2162.69|927.122|0|13.7984|-1.63766
0011|2162.6|928.499|0|13.8124|-1.63766
0011|2162.51|929.884|0|13.8859|-1.63766
0011|2162.42|931.26|0|13.7881|-1.63766
0011|2162.32|932.643|0|13.8686|-1.63766
0011|2162.23|934.022|0|13.825|-1.63766
0011|2162.14|935.399|0|13.8092|-1.63766
0011|2162.05|936.784|0|13.8835|-1.63766
0011|2161.95|938.162|0|13.815|-1.63766
0011|2161.86|939.538|0|13.7991|-1.63766
0011|2161.77|940.921|0|13.8591|-1.63766
0011|2161.68|942.293|0|13.761|-1.63766
0011|2161.59|943.666|0|13.7686|-1.63766
0011|2161.49|945.048|0|13.8553|-1.63766
0011|2161.4|946.426|0|13.8102|-1.63766
0011|2161.31|947.802|0|13.8017|-1.63766
0011|2161.22|949.181|0|13.8204|-1.63766
0011|2161.12|950.555|0|13.7776|-1.63766
0011|2161.03|951.933|0|13.8133|-1.63766
0011|2160.94|953.308|0|13.7924|-1.63766
0011|2160.85|954.684|0|13.7951|-1.63766
0011|2160.76|956.057|0|13.7646|-1.63766
0011|2160.66|957.439|0|13.8494|-1.63766
0011|2160.57|958.817|0|13.8179|-1.63766
0011|2160.48|960.197|0|13.8382|-1.63766
0011|2160.39|961.58|0|13.8624|-1.63766
0011|2160.29|962.962|0|13.8627|-1.63766
0011|2160.2|964.345|0|13.8611|-1.63766
0011|2160.11|965.728|0|13.8658|-1.63766
0011|2160.02|967.111|0|13.8616|-1.63766
0011|2159.92|968.484|0|13.7672|-1.63766
0011|2159.83|969.862|0|13.816|-1.63766
0011|2159.74|971.238|0|13.7939|-1.63766
0011|2159.65|972.617|0|13.8312|-1.63766
0011|2159.55|973.996|0|13.8262|-1.63766
0011|2159.46|975.369|0|13.7639|-1.63766
0011|2159.37|976.751|0|13.8604|-1.63766
0011|2159.28|978.128|0|13.8015|-1.63766
0011|2159.19|979.51|0|13.8569|-1.63766
0011|2159.09|980.894|0|13.8789|-1.63766
0011|2159|982.279|0|13.8825|-1.63766
0011|2158.91|983.664|0|13.8827|-1.63766
0011|2158.81|985.044|0|13.8335|-1.63766
0011|2158.72|986.423|0|13.8266|-1.63766
0011|2158.63|987.804|0|13.8495|-1.63766
0011|2158.54|989.178|0|13.7755|-1.63766
0011|2158.45|990.554|0|13.7995|-1.63766
0011|2158.35|991.927|0|13.7631|-1.63766
0011|2158.26|993.308|0|13.8409|-1.63766
0011|2158.17|994.685|0|13.8097|-1.63766
0011|2158.08|996.068|0|13.8667|-1.63766
0011|2157.98|997.446|0|13.8195|-1.63766
0011|2157.89|998.832|0|13.8868|-1.63766
0011|2157.8|1000.21|0|13.7789|-1.63766
0011|2157.71|1001.59|0|13.8813|-1.63766
0011|2157.61|1002.97|0|13.7933|-1.63766
0011|2157.52|1004.34|0|13.8017|-1.63766
0011|2157.43|1005.72|0|13.8278|-1.63766
0011|2157.34|1007.1|0|13.831|-1.63766
0011|2157.25|1008.48|0|13.802|-1.63766
0011|2157.15|1009.86|0|13.8202|-1.63766
0011|2157.06|1011.23|0|13.8111|-1.63766
0011|2156.97|1012.61|0|13.7734|-1.63766
0011|2156.88|1013.98|0|13.7971|-1.63766
0011|2156.78|1015.36|0|13.7613|-1.63766
0011|2156.69|1016.74|0|13.829|-1.63766
0011|2156.6|1018.12|0|13.8618|-1.63766
0011|2156.51|1019.5|0|13.8307|-1.63766
0011|2156.42|1020.87|0|13.8038|-1.63766
0011|2156.32|1022.25|0|13.7722|-1.63766
0011|2156.23|1023.63|0|13.8558|-1.63766
0011|2156.14|1025.01|0|13.8722|-1.63766
0011|2156.05|1026.4|0|13.8873|-1.63766
0011|2155.95|1027.78|0|13.8602|-1.63766
0011|2155.86|1029.16|0|13.7914|-1.63766
0011|2155.77|1030.53|0|13.7754|-1.63766
0011|2155.68|1031.91|0|13.8484|-1.63766
0011|2155.58|1033.29|0|13.7724|-1.63766
0011|2155.49|1034.67|0|13.8401|-1.63766
0011|2155.4|1036.04|0|13.806|-1.63766
0011|2155.31|1037.42|0|13.765|-1.63766
0011|2155.22|1038.76|0|13.4551|-1.63766
0011|2155.13|1040.06|0|13.0443|-1.63766
0011|2155.05|1041.33|0|12.7442|-1.63766
0011|2154.96|1042.57|0|12.3912|-1.63766
0011|2154.88|1043.78|0|12.1378|-1.63766
0011|2154.8|1044.94|0|11.6878|-1.63766
0011|2154.73|1046.08|0|11.429|-1.63766
0011|2154.65|1047.19|0|11.1043|-1.63766
0011|2154.58|1048.26|0|10.758|-1.63766
0011|2154.51|1049.3|0|10.3839|-1.63766
0011|2154.44|1050.3|0|10.0524|-1.63766
0011|2154.38|1051.28|0|9.82771|-1.63766
0011|2154.32|1052.22|0|9.44643|-1.63766
0011|2154.26|1053.13|0|9.0989|-1.63766
0011|2154.2|1053.91|0|8.85739|-1.63752
0011|2154.15|1054.76|0|8.52189|-1.6366
0011|2154.1|1055.58|0|8.24625|-1.63571
0011|2154.05|1056.38|0|7.98341|-1.63485
0011|2154|1057.14|0|7.61321|-1.63402
0011|2153.96|1057.87|0|7.3023|-1.63324
0011|2153.92|1058.58|0|7.11255|-1.63246
0011|2153.87|1059.25|0|6.76287|-1.63238
0011|2153.83|1059.9|0|6.46615|-1.63238
0011|2153.8|1060.53|0|6.27815|-1.63238
0011|2153.76|1061.12|0|5.99791|-1.63238
0011|2153.73|1061.6|0|5.7469|-1.63251
0011|2153.7|1062.04|0|5.38894|-1.63264
0011|2153.67|1062.47|0|5.19483|-1.63277
0011|2153.65|1062.88|0|4.95349|-1.6329
0011|2153.62|1063.27|0|4.76705|-1.63302
0011|2153.6|1063.64|0|4.43953|-1.63314
0011|2153.58|1063.99|0|4.27309|-1.63326
0011|2153.56|1064.33|0|4.05518|-1.63338
0011|2153.54|1064.64|0|3.79606|-1.6335
0011|2153.51|1064.97|0|3.54542|-1.63565
0011|2153.45|1065.3|0|3.38556|-1.64522
0011|2153.38|1065.66|0|3.64556|-1.65513
0011|2153.31|1066.04|0|3.90556|-1.66542
0011|2153.24|1066.45|0|4.16556|-1.67605
0011|2153.16|1066.89|0|4.42556|-1.68699
0011|2153.07|1067.35|0|4.68556|-1.69817
0011|2152.98|1067.83|0|4.94556|-1.70956
0011|2152.89|1068.35|0|5.20556|-1.72111
0011|2152.79|1068.88|0|5.46556|-1.73277
0011|2152.78|1069.37|0|5.72556|-1.72877
0011|2152.79|1069.84|0|5.97028|-1.71581
0011|2152.65|1070.44|0|6.14255|-1.72227
0011|2152.5|1071.06|0|6.33529|-1.72894
0011|2152.35|1071.7|0|6.55929|-1.73583
0011|2152.22|1072.37|0|6.80212|-1.73837
0011|2152.16|1073.07|0|7.03939|-1.72374
0011|2152.1|1073.79|0|7.20619|-1.70875
0011|2152.04|1074.52|0|7.37461|-1.73359
0011|2151.98|1075.27|0|7.58313|-1.71087
0011|2151.91|1076.05|0|7.78292|-1.68755
0011|2151.85|1076.84|0|7.96941|-1.66369
0011|2151.79|1077.65|0|8.12016|-1.65197
0011|2151.77|1078.49|0|8.35633|-1.64244
0011|2151.75|1079.34|0|8.5897|-1.63265
0011|2151.72|1080.23|0|8.83087|-1.62258
0011|2151.7|1081.13|0|9.06942|-1.61224
0011|2151.68|1082.06|0|9.26597|-1.60168
0011|2151.66|1083.01|0|9.50975|-1.59514
0011|2151.64|1083.98|0|9.72352|-1.59398
0011|2151.62|1084.97|0|9.88965|-1.5928
0011|2151.6|1085.97|0|10.0274|-1.5916
0011|2151.58|1087|0|10.2834|-1.59038
0011|2151.56|1088.04|0|10.4439|-1.58998
0011|2151.54|1089.1|0|10.6068|-1.58998
0011|2151.52|1090.18|0|10.7695|-1.58998
0011|2151.5|1091.28|0|11.0175|-1.59056
0011|2151.51|1092.4|0|11.16|-1.58369
0011|2151.53|1093.54|0|11.3917|-1.5752
0011|2151.55|1094.7|0|11.6409|-1.56653
0011|2151.57|1095.88|0|11.8035|-1.55773
0011|2151.59|1097.08|0|11.9917|-1.55272
0011|2151.61|1098.3|0|12.1566|-1.55272
0011|2151.64|1099.53|0|12.3406|-1.55272
0011|2151.67|1100.79|0|12.5946|-1.55121
0011|2151.71|1102.04|0|12.4473|-1.54781
0011|2151.75|1103.26|0|12.2088|-1.54448
0011|2151.78|1104.44|0|11.8612|-1.54124
0011|2151.9|1105.59|0|11.5287|-1.52249
0011|2152.04|1106.7|0|11.2049|-1.50282
0011|2152.17|1107.78|0|10.8186|-1.48383
0011|2152.29|1108.82|0|10.569|-1.46527
0011|2152.41|1109.84|0|10.2508|-1.45133
0011|2152.53|1110.83|0|9.93655|-1.45133
0011|2152.65|1111.78|0|9.54716|-1.45133
0011|2152.76|1112.69|0|9.18597|-1.45133
0011|2152.86|1113.58|0|8.99941|-1.45133
0011|2152.96|1114.44|0|8.60321|-1.45133
0011|2153.06|1115.26|0|8.27976|-1.45133
0011|2153.16|1116.05|0|7.99|-1.45192
0011|2153.22|1116.82|0|7.66818|-1.45794
0011|2153.28|1117.56|0|7.47021|-1.46381
0011|2153.33|1118.27|0|7.12806|-1.46942
0011|2153.36|1118.96|0|6.85894|-1.48146
0011|2153.36|1119.62|0|6.63349|-1.49575
0011|2153.37|1120.26|0|6.37239|-1.50948
0011|2153.38|1120.86|0|6.04054|-1.52249
0011|2153.39|1121.44|0|5.78114|-1.53125
0011|2153.39|1121.99|0|5.50604|-1.53877
0011|2153.4|1122.51|0|5.20087|-1.54587
0011|2153.4|1123.01|0|4.9779|-1.55267
0011|2153.41|1123.48|0|4.72396|-1.55897
0011|2153.41|1123.93|0|4.52286|-1.55897
0011|2153.42|1124.37|0|4.32505|-1.55897
0011|2153.42|1124.78|0|4.11299|-1.55897
0011|2153.43|1125.16|0|3.79295|-1.55897
0011|2153.43|1125.52|0|3.64806|-1.55897
0011|2153.44|1125.87|0|3.46883|-1.55897
0011|2153.44|1126.24|0|3.72883|-1.55897
0011|2153.45|1126.64|0|3.98883|-1.55897
0011|2153.45|1127.06|0|4.24883|-1.55897
0011|2153.46|1127.52|0|4.50883|-1.55897
0011|2153.46|1127.99|0|4.76883|-1.55897
0011|2153.47|1128.49|0|5.02883|-1.55897
0011|2153.47|1129.02|0|5.28883|-1.55897
0011|2153.48|1129.58|0|5.54883|-1.55897
0011|2153.49|1130.16|0|5.80883|-1.55897
0011|2153.54|1130.75|0|5.95517|-1.5491
0011|2153.62|1131.36|0|6.15042|-1.53545
0011|2153.7|1132|0|6.37232|-1.52129
0011|2153.78|1132.64|0|6.52253|-1.5068
0011|2153.86|1133.31|0|6.67217|-1.49197
0011|2153.94|1133.99|0|6.9069|-1.47663
0011|2154.03|1134.7|0|7.08658|-1.4609
0011|2154.12|1135.41|0|7.24605|-1.44796
0011|2154.24|1136.15|0|7.50433|-1.44286
0011|2154.44|1136.89|0|7.63767|-1.4213
0011|2154.64|1137.65|0|7.85253|-1.3991
0011|2154.85|1138.42|0|8.00043|-1.37644
0011|2155.07|1139.22|0|8.24117|-1.35311
0011|2155.29|1140.03|0|8.39972|-1.32934
0011|2155.5|1140.85|0|8.53208|-1.30722
0011|2155.73|1141.69|0|8.66403|-1.30794
0011|2155.96|1142.55|0|8.86184|-1.30867
0011|2156.19|1143.42|0|9.02387|-1.30942
0011|2156.43|1144.31|0|9.21921|-1.30916
0011|2156.68|1145.22|0|9.47869|-1.30848
0011|2156.93|1146.16|0|9.65556|-1.30723
0011|2157.21|1147.11|0|9.88052|-1.30258
0011|2157.51|1148.07|0|10.0926|-1.29345
0011|2157.82|1149.05|0|10.2992|-1.28509
0011|2158.16|1150.05|0|10.5414|-1.27364
0011|2158.54|1151.06|0|10.7458|-1.25231
0011|2158.93|1152.08|0|10.8989|-1.23606
0011|2159.33|1153.11|0|11.1202|-1.22243
0011|2159.78|1154.16|0|11.3555|-1.20024
0011|2160.23|1155.22|0|11.5634|-1.18778
0011|2160.69|1156.3|0|11.7569|-1.17902
0011|2161.16|1157.41|0|12.0012|-1.17007
0011|2161.64|1158.53|0|12.232|-1.16779
0011|2162.12|1159.67|0|12.3645|-1.16779
0011|2162.62|1160.83|0|12.6118|-1.16779
0011|2163.1|1162.02|0|12.819|-1.17165
0011|2163.58|1163.23|0|12.9669|-1.17978
0011|2164.05|1164.46|0|13.1529|-1.18957
0011|2164.49|1165.71|0|13.2865|-1.20567
0011|2164.95|1166.98|0|13.5018|-1.2164
0011|2165.49|1168.2|0|13.6369|-1.20302
0011|2165.83|1169.54|0|13.7943|-1.2345
0011|2166.16|1170.89|0|13.9365|-1.26218
0011|2166.45|1172.28|0|14.143|-1.31603
0011|2166.73|1173.68|0|14.3024|-1.35102
0011|2167.16|1175.04|0|14.5157|-1.33374
0011|2167.9|1176.32|0|14.7324|-1.24525
0011|2168.65|1177.61|0|14.9404|-1.14626
0011|2169.42|1178.93|0|15.1899|-1.04535
0011|2169.79|1180.42|0|15.4107|-1.1314
0011|2170.11|1181.94|0|15.6177|-1.23108
0011|2170.43|1183.49|0|15.7769|-1.33317
0011|2170.75|1185.06|0|16.0067|-1.36497
0011|2171.08|1186.64|0|16.1463|-1.36735
0011|2171.41|1188.24|0|16.3891|-1.36735
0011|2171.74|1189.87|0|16.6068|-1.36735
0011|2172.09|1191.52|0|16.8599|-1.36735
0011|2172.43|1193.18|0|16.996|-1.36735
0011|2172.78|1194.86|0|17.1617|-1.36735
0011|2173.13|1196.57|0|17.4199|-1.36735
0011|2173.48|1198.3|0|17.6784|-1.36735
0011|2173.85|1200.05|0|17.869|-1.36735
0011|2174.21|1201.81|0|18.0288|-1.36735
0011|2174.58|1203.6|0|18.2493|-1.36735
0011|2174.95|1205.41|0|18.4902|-1.36735
0011|2175.33|1207.24|0|18.6354|-1.36735
0011|2175.71|1209.09|0|18.885|-1.36735
0011|2176.1|1210.96|0|19.1125|-1.36735
0011|2176.49|1212.85|0|19.3608|-1.36735
0011|2176.83|1214.78|0|19.5327|-1.37865
0011|2177.08|1216.73|0|19.7054|-1.40778
0011|2177.34|1218.7|0|19.86|-1.43711
0011|2177.6|1220.69|0|20.0881|-1.44045
0011|2178.01|1222.68|0|20.2919|-1.41152
0011|2178.41|1224.69|0|20.4973|-1.38227
0011|2178.83|1226.71|0|20.6595|-1.36992
0011|2179.24|1228.76|0|20.847|-1.36992
0011|2179.66|1230.82|0|20.9992|-1.36992
0011|2180.08|1232.89|0|21.1473|-1.36992
0011|2180.51|1234.98|0|21.358|-1.36992
0011|2180.94|1237.09|0|21.5235|-1.36992
0011|2181.37|1239.22|0|21.771|-1.36992
0011|2181.81|1241.38|0|21.9958|-1.36992
0011|2182.26|1243.56|0|22.2225|-1.36992
0011|2182.7|1245.76|0|22.4654|-1.36992
0011|2183.16|1247.98|0|22.6485|-1.36992
0011|2183.61|1250.22|0|22.9013|-1.36992
0011|2184.07|1252.48|0|23.0994|-1.36992
0011|2184.54|1254.77|0|23.3201|-1.36992
0011|2185.01|1257.07|0|23.5167|-1.36992
0011|2185.48|1259.4|0|23.7426|-1.36992
0011|2185.96|1261.75|0|23.943|-1.36992
0011|2186.44|1264.11|0|24.1437|-1.36992
0011|2186.93|1266.5|0|24.3355|-1.36992
0011|2187.42|1268.9|0|24.5067|-1.36992
0011|2187.91|1271.32|0|24.7093|-1.36992
0011|2188.41|1273.76|0|24.8788|-1.36992
0011|2188.9|1276.21|0|25.028|-1.36992
0011|2189.41|1278.68|0|25.2511|-1.36992
0011|2189.92|1281.18|0|25.4548|-1.36992
0011|2190.43|1283.69|0|25.6654|-1.36992
0011|2190.94|1286.22|0|25.8179|-1.36992
0011|2191.46|1288.77|0|26.0543|-1.36992
0011|2191.99|1291.35|0|26.2481|-1.36992
0011|2192.51|1293.93|0|26.4056|-1.36992
0011|2193.05|1296.55|0|26.6544|-1.36992
0011|2193.58|1299.18|0|26.907|-1.36992
0011|2194.12|1301.84|0|27.0812|-1.36992
0011|2194.67|1304.51|0|27.2506|-1.36992
0011|2195.22|1307.2|0|27.4837|-1.36992
0011|2195.77|1309.91|0|27.6425|-1.36992
0011|2196.32|1312.62|0|27.6699|-1.36992
0011|2196.87|1315.33|0|27.6789|-1.36992
0011|2197.42|1318.04|0|27.6914|-1.36992
0011|2197.98|1320.76|0|27.7463|-1.36992
0011|2198.53|1323.48|0|27.7568|-1.36992
0011|2199.08|1326.2|0|27.7314|-1.36992
0011|2199.64|1328.92|0|27.7709|-1.36992
0011|2200.19|1331.64|0|27.7036|-1.36992
0011|2200.75|1334.36|0|27.7787|-1.36992
0011|2201.3|1337.08|0|27.7445|-1.36992
0011|2201.85|1339.79|0|27.664|-1.36992
0011|2202.4|1342.5|0|27.7318|-1.36992
0011|2202.96|1345.22|0|27.7626|-1.36992
0011|2203.51|1347.94|0|27.7544|-1.36992
0011|2204.06|1350.66|0|27.6787|-1.36992
0011|2204.62|1353.37|0|27.7202|-1.36992
0011|2205.17|1356.08|0|27.6597|-1.36992
0011|2205.72|1358.8|0|27.7742|-1.36992
0011|2206.28|1361.52|0|27.687|-1.36992
0011|2206.83|1364.22|0|27.5864|-1.36992
0011|2207.37|1366.89|0|27.2359|-1.36992
0011|2207.91|1369.53|0|26.8993|-1.3697
0011|2208.44|1372.12|0|26.458|-1.36932
0011|2208.97|1374.67|0|26.0625|-1.36626
0011|2209.5|1377.18|0|25.6267|-1.36416
0011|2210.02|1379.65|0|25.3146|-1.3632
0011|2210.55|1382.09|0|24.9039|-1.36021
0011|2211.07|1384.48|0|24.5066|-1.35698
0011|2211.59|1386.84|0|24.1433|-1.35385
0011|2212.11|1389.15|0|23.6933|-1.35216
0011|2212.62|1391.44|0|23.4086|-1.35161
0011|2213.12|1393.68|0|22.9641|-1.35161
0011|2213.61|1395.88|0|22.6051|-1.35161
0011|2214.09|1398.06|0|22.282|-1.35161
0011|2214.57|1400.19|0|21.832|-1.35161
0011|2215.04|1402.28|0|21.4729|-1.35161
0011|2215.49|1404.34|0|21.0798|-1.35161
0011|2215.94|1406.36|0|20.7094|-1.35161
0011|2216.39|1408.35|0|20.3798|-1.35161
0011|2216.82|1410.3|0|19.9563|-1.35161
0011|2217.25|1412.22|0|19.635|-1.35161
0011|2217.67|1414.09|0|19.1934|-1.35161
0011|2218.07|1415.93|0|18.8284|-1.35161
0011|2218.48|1417.73|0|18.5078|-1.35161
0011|2218.87|1419.5|0|18.1055|-1.35161
0011|2219.26|1421.24|0|17.793|-1.35161
0011|2219.64|1422.94|0|17.4021|-1.35161
0011|2220.01|1424.6|0|17.0305|-1.35161
0011|2220.37|1426.23|0|16.7|-1.35161
0011|2220.72|1427.82|0|16.25|-1.35161
0011|2221.07|1429.38|0|15.9792|-1.35161
0011|2221.41|1430.9|0|15.6182|-1.35161
0011|2221.74|1432.39|0|15.2704|-1.35161
0011|2222.06|1433.84|0|14.8204|-1.35161
0011|2222.38|1435.25|0|14.506|-1.35161
0011|2222.69|1436.64|0|14.1612|-1.35161
0011|2222.99|1437.99|0|13.8729|-1.35161
0011|2223.28|1439.3|0|13.4786|-1.35161
0011|2223.57|1440.58|0|13.075|-1.35161
0011|2223.84|1441.82|0|12.7384|-1.35161
0011|2224.12|1443.04|0|12.5049|-1.35161
0011|2224.38|1444.23|0|12.1181|-1.35161
0011|2224.63|1445.37|0|11.7378|-1.35161
0011|2224.88|1446.49|0|11.4164|-1.35161
0011|2225.12|1447.57|0|11.0684|-1.35161
0011|2225.36|1448.62|0|10.805|-1.35161
0011|2225.59|1449.65|0|10.519|-1.35161
0011|2225.81|1450.63|0|10.0906|-1.35161
0011|2226.02|1451.59|0|9.83714|-1.35161
0011|2226.23|1452.52|0|9.48553|-1.35161
0011|2226.43|1453.42|0|9.20171|-1.35161
0011|2226.62|1454.28|0|8.86405|-1.35161
0011|2226.81|1455.12|0|8.57392|-1.35161
0011|2226.91|1455.84|0|8.30408|-1.36273
0011|2226.99|1456.64|0|7.95515|-1.38303
0011|2227.06|1457.4|0|7.65524|-1.40248
0011|2227.13|1458.14|0|7.45966|-1.42145
0011|2227.2|1458.85|0|7.09263|-1.43948
0011|2227.26|1459.52|0|6.79653|-1.45674
0011|2227.32|1460.18|0|6.58312|-1.47344
0011|2227.38|1460.79|0|6.13312|-1.47621
0011|2227.43|1461.36|0|5.68312|-1.47613
0011|2227.48|1461.88|0|5.23312|-1.47613
0011|2227.53|1462.35|0|4.78312|-1.47613
0011|2227.57|1462.78|0|4.33312|-1.47613
0011|2227.61|1463.17|0|3.88312|-1.4762
0011|2227.64|1463.51|0|3.43312|-1.47625
0011|2227.64|1463.81|0|2.98312|-1.4811
0011|2227.63|1464.06|0|2.53312|-1.48829
0011|2227.62|1464.27|0|2.08312|-1.49422
0011|2227.61|1464.43|0|1.63312|-1.49887
0011|2227.61|1464.55|0|1.18312|-1.50224
0011|2227.6|1464.62|0|0.733123|-1.50433
0011|2227.6|1464.65|0|0.283123|-1.50513
0011|2227.6|1464.65|0|0|-1.50513
0011|2227.6|1464.65|0|0|-1.50513
0011|2227.6|1464.65|0|0|-1.50513
0011|2227.6|1464.65|0|0|-1.50513
0011|2227.6|1464.65|0|0|-1.50513
0011|2227.6|1464.65|0|0|-1.50513
0011|2227.6|1464.65|0|0|-1.50513
0011|2227.6|1464.65|0|0|-1.50513
0011|2227.6|1464.65|0|0|-1.50513
0011|2227.6|1464.65|0|0|-1.50513
0011|2227.6|1464.65|0|0|-1.50513
0011|2227.6|1464.65|0|0|-1.50513
0011|2227.6|1464.65|0|0|-1.50513
0011|2227.6|1464.65|0|0|-1.50513
0011|2227.6|1464.65|0|0|-1.50513
0011|2227.6|1464.65|0|0|-1.50513
0011|2227.6|1464.65|0|0|-1.50513
0011|2227.6|1464.65|0|0|-1.50513
0011|2227.6|1464.65|0|0|-1.50513
0011|2227.6|1464.65|0|0|-1.50513
0011|2227.6|1464.65|0|0|-1.50513
0011|2227.6|1464.65|0|0|-1.50513
0011|2227.6|1464.65|0|0|-1.50513
0011|2227.6|1464.65|0|0|-1.50513
0011|2227.6|1464.65|0|0|-1.50513
0011|2227.6|1464.65|0|0|-1.50513
0011|2227.6|1464.65|0|0|-1.50513
0011|2227.6|1464.65|0|0|-1.50513
0011|2227.6|1464.65|0|0|-1.50513
0011|2227.6|1464.65|0|0|-1.50513
0011|2227.6|1464.65|0|0|-1.50513
0011|2227.6|1464.65|0|0|-1.50513
0011|2227.6|1464.65|0|0|-1.50513
0011|2227.6|1464.65|0|0|-1.50513
0011|2227.6|1464.65|0|0|-1.50513
0011|2227.6|1464.65|0|0|-1.50513
0011|2227.6|1464.65|0|0|-1.50513
0011|2227.6|1464.65|0|0|-1.50513
0011|2227.6|1464.65|0|0|-1.50513
0011|2227.6|1464.65|0|0|-1.50513
0011|2227.6|1464.65|0|0|-1.50513
0011|2227.6|1464.65|0|0|-1.50513
0011|2227.6|1464.65|0|0|-1.50513
0011|2227.6|1464.65|0|0|-1.50513
0011|2227.6|1464.65|0|0|-1.50513
0011|2227.6|1464.65|0|0|-1.50513
0011|2227.6|1464.65|0|0|-1.50513
0011|2227.6|1464.65|0|0|-1.50513
0011|2227.6|1464.65|0|0|-1.50513
0011|2227.6|1464.65|0|0|-1.50513
0011|2227.6|1464.65|0|0|-1.50513
0011|2227.6|1464.65|0|0|-1.50513
0011|2227.6|1464.65|0|0|-1.50513
0011|2227.6|1464.65|0|0|-1.50513
0011|2227.6|1464.65|0|0|-1.50513
0011|2227.6|1464.65|0|0|-1.50513
0011|2227.6|1464.65|0|0|-1.50513
0011|2227.6|1464.65|0|0|-1.50513
0011|2227.6|1464.65|0|0|-1.50513
0011|2227.6|1464.65|0|0|-1.50513
0011|2227.6|1464.65|0|0|-1.50513
0011|2227.6|1464.65|0|0|-1.50513
0011|2227.6|1464.65|0|0|-1.50513
0011|2227.6|1464.65|0|0|-1.50513
0011|2227.6|1464.65|0|0|-1.50513
0011|2227.6|1464.65|0|0|-1.50513
0011|2227.6|1464.65|0|0|-1.50513
0011|2227.6|1464.65|0|0|-1.50513
0011|2227.6|1464.65|0|0|-1.50513
0011|2227.6|1464.65|0|0|-1.50513
0011|2227.6|1464.65|0|0|-1.50513
0011|2227.6|1464.65|0|0|-1.50513
0011|2227.6|1464.65|0|0|-1.50513
0011|2227.6|1464.65|0|0|-1.50513
0011|2227.6|1464.65|0|0|-1.50513
0011|2227.6|1464.65|0|0|-1.50513
0011|2227.6|1464.65|0|0|-1.50513
0011|2227.6|1464.65|0|0|-1.50513
0011|2227.6|1464.65|0|0|-1.50513
0011|2227.6|1464.65|0|0|-1.50513
0011|2227.6|1464.65|0|0|-1.50513
0011|2227.6|1464.65|0|0|-1.50513
0011|2227.6|1464.65|0|0|-1.50513
0011|2227.6|1464.65|0|0|-1.50513
0011|2227.6|1464.65|0|0|-1.50513
0011|2227.6|1464.65|0|0|-1.50513
0011|2227.6|1464.65|0|0|-1.50513
0011|2227.6|1464.65|0|0|-1.50513
0011|2227.6|1464.65|0|0|-1.50513
0011|2227.6|1464.65|0|0|-1.50513
0011|2227.6|1464.65|0|0|-1.50513
0011|2227.6|1464.65|0|0|-1.50513
0011|2227.6|1464.65|0|0|-1.50513
0011|2227.6|1464.65|0|0|-1.50513
0011|2227.6|1464.65|0|0|-1.50513
0011|2227.6|1464.65|0|0|-1.50513
0011|2227.6|1464.65|0|0|-1.50513
0011|2227.6|1464.65|0|0|-1.50513
0011|2227.6|1464.65|0|0|-1.50513
0011|2227.6|1464.65|0|0|-1.50513
0011|2227.6|1464.65|0|0|-1.50513
0011|2227.6|1464.65|0|0|-1.50513
0011|2227.6|1464.65|0|0|-1.50513
0011|2227.6|1464.65|0|0|-1.50513
0011|2227.6|1464.65|0|0|-1.50513
0011|2227.6|1464.65|0|0|-1.50513
0011|2227.6|1464.65|0|0|-1.50513
0011|2227.6|1464.65|0|0|-1.50513
0011|2227.6|1464.65|0|0|-1.50513
0011|2227.6|1464.65|0|0|-1.50513
0011|2227.6|1464.65|0|0|-1.50513
0011|2227.6|1464.65|0|0|-1.50513
0011|2227.6|1464.65|0|0|-1.50513
0011|2227.6|1464.65|0|0|-1.50513
0011|2227.6|1464.65|0|0|-1.50513
0011|2227.6|1464.65|0|0|-1.50513
0011|2227.6|1464.65|0|0|-1.50513
0011|2227.6|1464.65|0|0|-1.50513
0011|2227.6|1464.65|0|0|-1.50513
0011|2227.6|1464.65|0|0|-1.50513
0011|2227.6|1464.65|0|0|-1.50513
0011|2227.6|1464.65|0|0|-1.50513
0011|2227.6|1464.65|0|0|-1.50513
0011|2227.6|1464.65|0|0|-1.50513
0011|2227.6|1464.65|0|0|-1.50513
0011|2227.6|1464.65|0|0|-1.50513
0011|2227.6|1464.65|0|0|-1.50513
0011|2227.6|1464.65|0|0|-1.50513
0011|2227.6|1464.65|0|0|-1.50513
0011|2227.6|1464.65|0|0|-1.50513
0011|2227.6|1464.65|0|0|-1.50513
0011|2227.6|1464.65|0|0|-1.50513
0011|2227.6|1464.65|0|0|-1.50513
0011|2227.6|1464.65|0|0|-1.50513
0011|2227.6|1464.65|0|0|-1.50513
0011|2227.6|1464.65|0|0|-1.50513
0011|2227.6|1464.65|0|0|-1.50513
0011|2227.6|1464.65|0|0|-1.50513
0011|2227.6|1464.65|0|0|-1.50513
0011|2227.6|1464.65|0|0|-1.50513
0011|2227.6|1464.65|0|0|-1.50513
0011|2227.6|1464.65|0|0|-1.50513
0011|2227.6|1464.65|0|0|-1.50513
0011|2227.6|1464.65|0|0|-1.50513
0011|2227.6|1464.65|0|0|-1.50513
0011|2227.6|1464.65|0|0|-1.50513
0011|2227.6|1464.65|0|0|-1.50513
0011|2227.6|1464.65|0|0|-1.50513
0011|2227.6|1464.65|0|0|-1.50513
0011|2227.6|1464.65|0|0|-1.50513
0011|2227.6|1464.65|0|0|-1.50513
0011|2227.6|1464.65|0|0|-1.50513
0011|2227.6|1464.65|0|0|-1.50513
0011|2227.6|1464.65|0|0|-1.50513
0011|2227.6|1464.65|0|0|-1.50513
0011|2227.6|1464.65|0|0|-1.50513
0011|2227.6|1464.65|0|0|-1.50513
0011|2227.6|1464.65|0|0|-1.50513
0011|2227.6|1464.65|0|0|-1.50513
0011|2227.6|1464.65|0|0|-1.50513
0011|2227.6|1464.65|0|0|-1.50513
0011|2227.6|1464.65|0|0|-1.50513
0011|2227.6|1464.65|0|0|-1.50513
0011|2227.6|1464.65|0|0|-1.50513
0011|2227.6|1464.65|0|0|-1.50513
0011|2227.6|1464.65|0|0|-1.50513
0011|2227.6|1464.65|0|0|-1.50513
0011|2227.6|1464.65|0|0|-1.50513
0011|2227.6|1464.65|0|0|-1.50513
0011|2227.6|1464.65|0|0|-1.50513
0011|2227.6|1464.65|0|0|-1.50513
0011|2227.6|1464.65|0|0|-1.50513
0011|2227.6|1464.65|0|0|-1.50513
0011|2227.6|1464.65|0|0|-1.50513
0011|2227.6|1464.65|0|0|-1.50513
0011|2227.6|1464.65|0|0|-1.50513
0011|2227.6|1464.65|0|0|-1.50513
0011|2227.6|1464.65|0|0|-1.50513
0011|2227.6|1464.65|0|0|-1.50513
0011|2227.6|1464.65|0|0|-1.50513
0011|2227.6|1464.65|0|0|-1.50513
0011|2227.6|1464.65|0|0|-1.50513
0011|2227.6|1464.65|0|0|-1.50513
0011|2227.6|1464.65|0|0|-1.50513
0011|2227.6|1464.65|0|0|-1.50513
0011|2227.6|1464.65|0|0|-1.50513
0011|2227.6|1464.65|0|0|-1.50513
0011|2227.6|1464.65|0|0|-1.50513
0011|2227.6|1464.65|0|0|-1.50513
0011|2227.6|1464.65|0|0|-1.50513
0011|2227.6|1464.65|0|0|-1.50513
0011|2227.6|1464.65|0|0|-1.50513
0011|2227.6|1464.65|0|0|-1.50513
0011|2227.6|1464.65|0|0|-1.50513
0011|2227.6|1464.65|0|0|-1.50513
0011|2227.6|1464.65|0|0|-1.50513
0011|2227.6|1464.65|0|0|-1.50513
0011|2227.6|1464.65|0|0|-1.50513
0011|2227.6|1464.65|0|0|-1.50513
0011|2227.6|1464.65|0|0|-1.50513
0011|2227.6|1464.65|0|0|-1.50513
0011|2227.6|1464.65|0|0|-1.50513
0011|2227.6|1464.65|0|0|-1.50513
0011|2227.6|1464.65|0|0|-1.50513
0011|2227.6|1464.65|0|0|-1.50513
0011|2227.6|1464.65|0|0|-1.50513
0011|2227.6|1464.65|0|0|-1.50513
0011|2227.6|1464.65|0|0|-1.50513
0011|2227.6|1464.65|0|0|-1.50513
0011|2227.6|1464.65|0|0|-1.50513
0011|2227.6|1464.65|0|0|-1.50513
0011|2227.6|1464.65|0|0|-1.50513
0011|2227.6|1464.65|0|0|-1.50513
0011|2227.6|1464.65|0|0|-1.50513
0011|2227.6|1464.65|0|0|-1.50513
0011|2227.6|1464.65|0|0|-1.50513
0011|2227.6|1464.65|0|0|-1.50513
0011|2227.6|1464.65|0|0|-1.50513
0011|2227.6|1464.65|0|0|-1.50513
0011|2227.6|1464.65|0|0|-1.50513
0011|2227.6|1464.65|0|0|-1.50513
0011|2227.6|1464.65|0|0|-1.50513
0011|2227.6|1464.65|0|0|-1.50513
0011|2227.6|1464.65|0|0|-1.50513
0011|2227.6|1464.65|0|0|-1.50513
0011|2227.6|1464.65|0|0|-1.50513
0011|2227.6|1464.65|0|0|-1.50513
0011|2227.6|1464.65|0|0|-1.50513
0011|2227.6|1464.65|0|0|-1.50513
0011|2227.6|1464.65|0|0|-1.50513
0011|2227.6|1464.65|0|0|-1.50513
0011|2227.6|1464.65|0|0|-1.50513
0011|2227.6|1464.65|0|0|-1.50513
0011|2227.6|1464.65|0|0|-1.50513
0011|2227.6|1464.65|0|0|-1.50513
0011|2227.6|1464.65|0|0|-1.50513
0011|2227.6|1464.65|0|0|-1.50513
0011|2227.6|1464.65|0|0|-1.50513
0011|2227.6|1464.65|0|0|-1.50513
0011|2227.6|1464.65|0|0|-1.50513
0011|2227.6|1464.65|0|0|-1.50513
0011|2227.6|1464.65|0|0|-1.50513
0011|2227.6|1464.65|0|0|-1.50513
0011|2227.6|1464.65|0|0|-1.50513
0011|2227.6|1464.65|0|0|-1.50513
0011|2227.6|1464.65|0|0|-1.50513
0011|2227.6|1464.65|0|0|-1.50513
0011|2227.6|1464.65|0|0|-1.50513
0011|2227.6|1464.65|0|0|-1.50513
0011|2227.6|1464.65|0|0|-1.50513
0011|2227.6|1464.65|0|0|-1.50513
0011|2227.6|1464.65|0|0|-1.50513
0011|2227.6|1464.65|0|0|-1.50513
0011|2227.6|1464.65|0|0|-1.50513
0011|2227.6|1464.65|0|0|-1.50513
0011|2227.6|1464.65|0|0|-1.50513
0011|2227.6|1464.65|0|0|-1.50513
0011|2227.6|1464.65|0|0|-1.50513
0011|2227.6|1464.65|0|0|-1.50513
0011|2227.6|1464.65|0|0|-1.50513
0011|2227.6|1464.65|0|0|-1.50513
0011|2227.6|1464.65|0|0|-1.50513
0011|2227.6|1464.65|0|0|-1.50513
0011|2227.6|1464.65|0|0|-1.50513
0011|2227.6|1464.65|0|0|-1.50513
0011|2227.6|1464.65|0|0|-1.50513
0011|2227.6|1464.65|0|0|-1.50513
0011|2227.6|1464.65|0|0|-1.50513
0011|2227.6|1464.65|0|0|-1.50513
0011|2227.6|1464.65|0|0|-1.50513
0011|2227.6|1464.65|0|0|-1.50513
0011|2227.6|1464.65|0|0|-1.50513
0011|2227.6|1464.65|0|0|-1.50513
0011|2227.6|1464.65|0|0|-1.50513
0011|2227.6|1464.65|0|0|-1.50513
0011|2227.6|1464.65|0|0|-1.50513
0011|2227.6|1464.65|0|0|-1.50513
0011|2227.6|1464.65|0|0|-1.50513
0011|2227.6|1464.65|0|0|-1.50513
0011|2227.6|1464.65|0|0|-1.50513
0011|2227.6|1464.65|0|0|-1.50513
0011|2227.6|1464.65|0|0|-1.50513
0011|2227.6|1464.65|0|0|-1.50513
0011|2227.6|1464.65|0|0|-1.50513
0011|2227.6|1464.65|0|0|-1.50513
0011|2227.6|1464.65|0|0|-1.50513
0011|2227.6|1464.68|0|0.254017|-1.50586
0011|2227.6|1464.73|0|0.504439|-1.50729
0011|2227.59|1464.8|0|0.763501|-1.50947
0011|2227.59|1464.9|0|0.996351|-1.51231
0011|2227.58|1465.03|0|1.22129|-1.51579
0011|2227.58|1465.17|0|1.413|-1.51982
0011|2227.57|1465.33|0|1.64279|-1.52451
0011|2227.56|1465.52|0|1.89427|-1.52991
0011|2227.55|1465.73|0|2.10013|-1.53591
0011|2227.54|1465.96|0|2.31222|-1.54251
0011|2227.53|1466.21|0|2.55246|-1.5498
0011|2227.51|1466.5|0|2.81246|-1.55783
0011|2227.5|1466.8|0|3.07246|-1.5666
0011|2227.48|1467.13|0|3.33246|-1.57611
0011|2227.47|1467.49|0|3.59246|-1.58637
0011|2227.45|1467.88|0|3.85246|-1.59721
0011|2227.43|1468.29|0|4.11246|-1.60884
0011|2227.41|1468.72|0|4.37246|-1.61865
0011|2227.38|1469.19|0|4.63246|-1.61865
0011|2227.36|1469.6|0|4.18246|-1.61865
0011|2227.34|1470.05|0|4.44246|-1.61865
0011|2227.32|1470.45|0|3.99246|-1.61865
0011|2227.32|1470.87|0|4.22368|-1.61637
0011|2227.33|1471.26|0|3.93729|-1.6093
0011|2227.35|1471.64|0|3.75591|-1.60256
0011|2227.36|1471.99|0|3.49365|-1.59629
0011|2227.38|1472.36|0|3.75365|-1.58954
0011|2227.39|1472.76|0|4.01365|-1.58234
0011|2227.41|1473.19|0|4.27365|-1.57467
0011|2227.43|1473.64|0|4.53365|-1.56653
0011|2227.45|1474.12|0|4.79365|-1.55793
0011|2227.47|1474.63|0|5.05365|-1.54887
0011|2227.49|1475.16|0|5.28412|-1.53977
0011|2227.51|1475.71|0|5.54412|-1.53156
0011|2227.52|1476.28|0|5.80412|-1.53282
0011|2227.41|1476.86|0|5.98607|-1.56019
0011|2227.18|1477.42|0|6.1197|-1.61165
0011|2226.95|1478.01|0|6.30317|-1.66538
0011|2226.71|1478.61|0|6.45477|-1.72086
0011|2226.46|1479.22|0|6.58961|-1.77762
0011|2226.21|1479.85|0|6.73069|-1.83512
0011|2225.95|1480.5|0|6.98849|-1.89201
0011|2225.68|1481.16|0|7.16175|-1.94925
0011|2225.41|1481.84|0|7.3312|-1.95285
0011|2225.13|1482.54|0|7.53392|-1.95285
0011|2224.84|1483.25|0|7.68814|-1.95285
0011|2224.55|1483.98|0|7.85908|-1.95285
0011|2224.21|1484.71|0|8.0528|-1.96201
0011|2223.82|1485.44|0|8.22849|-1.98038
0011|2223.42|1486.18|0|8.44507|-1.99925
0011|2223|1486.95|0|8.70129|-2.01871
0011|2222.58|1487.73|0|8.85848|-2.03852
0011|2222.08|1488.47|0|8.99894|-2.0761
0011|2221.55|1489.23|0|9.2463|-2.10437
0011|2221|1490|0|9.43578|-2.12716
0011|2220.43|1490.78|0|9.63831|-2.15515
0011|2219.77|1491.5|0|9.76946|-2.2023
0011|2219.1|1492.24|0|9.96187|-2.23766
0011|2218.42|1492.99|0|10.1721|-2.26233
0011|2217.73|1493.76|0|10.3419|-2.2874
0011|2217.02|1494.54|0|10.497|-2.30628
0011|2216.3|1495.33|0|10.7452|-2.30628
0011|2215.57|1496.15|0|10.9452|-2.30628
0011|2214.74|1496.89|0|11.1756|-2.32952
0011|2213.89|1497.64|0|11.3281|-2.35478
0011|2213.03|1498.41|0|11.5348|-2.3805
0011|2212.15|1499.18|0|11.7247|-2.40662
0011|2211.26|1499.97|0|11.9037|-2.4177
0011|2210.35|1500.77|0|12.0483|-2.4177
0011|2209.42|1501.55|0|12.193|-2.42517
0011|2208.46|1502.32|0|12.3386|-2.43578
0011|2207.48|1503.11|0|12.5182|-2.44654
0011|2206.49|1503.91|0|12.7355|-2.45749
0011|2205.49|1504.73|0|12.9782|-2.46069
0011|2204.44|1505.52|0|13.1856|-2.46981
0011|2203.31|1506.24|0|13.3181|-2.50048
0011|2202.17|1506.96|0|13.5073|-2.53162
0011|2201.02|1507.69|0|13.654|-2.56307
0011|2199.85|1508.43|0|13.8331|-2.57552
0011|2198.67|1509.19|0|14.0278|-2.57449
0011|2197.47|1509.96|0|14.2385|-2.57344
0011|2196.3|1510.71|0|13.9619|-2.57248
0011|2195.14|1511.45|0|13.6655|-2.57238
0011|2194.02|1512.17|0|13.3213|-2.57251
0011|2192.92|1512.87|0|13.0344|-2.57263
0011|2191.86|1513.55|0|12.5871|-2.57266
0011|2190.82|1514.21|0|12.2813|-2.57244
0011|2189.82|1514.85|0|11.9269|-2.57217
0011|2188.84|1515.48|0|11.6661|-2.57189
0011|2187.84|1515.99|0|11.2444|-2.59468
0011|2186.84|1516.47|0|11.0375|-2.62044
0011|2185.89|1516.94|0|10.5964|-2.64533
0011|2184.96|1517.39|0|10.3798|-2.66968
0011|2184.05|1517.83|0|10.0672|-2.68877
0011|2183.19|1518.3|0|9.73885|-2.68047
0011|2182.37|1518.75|0|9.41542|-2.67063
0011|2181.57|1519.19|0|9.08315|-2.66114
0011|2180.8|1519.62|0|8.76478|-2.65199
0011|2180.06|1520.03|0|8.47977|-2.64355
0011|2179.35|1520.41|0|8.08519|-2.63901
0011|2178.65|1520.77|0|7.84039|-2.64193
0011|2177.95|1521.05|0|7.58313|-2.66275
0011|2177.27|1521.3|0|7.21265|-2.68258
0011|2176.62|1521.56|0|7.02633|-2.70194
0011|2175.99|1521.8|0|6.69072|-2.72038
0011|2175.4|1522.03|0|6.37281|-2.73731
0011|2174.83|1522.25|0|6.14139|-2.75265
0011|2174.28|1522.46|0|5.89408|-2.76735
0011|2173.75|1522.66|0|5.65789|-2.77411
0011|2173.25|1522.85|0|5.31364|-2.77411
0011|2172.78|1523.04|0|5.10462|-2.77411
0011|2172.32|1523.21|0|4.91558|-2.77411
0011|2171.88|1523.38|0|4.67167|-2.77411
0011|2171.47|1523.54|0|4.36885|-2.77411
0011|2171.08|1523.69|0|4.18122|-2.77411
0011|2170.72|1523.83|0|3.94504|-2.77411
0011|2170.37|1523.96|0|3.70179|-2.77411
0011|2170.04|1524.09|0|3.56618|-2.77411
0011|2169.68|1524.23|0|3.82618|-2.77411
0011|2169.3|1524.37|0|4.08618|-2.77411
0011|2168.89|1524.53|0|4.34618|-2.77411
0011|2168.46|1524.7|0|4.60618|-2.77411
0011|2168.01|1524.87|0|4.86618|-2.77411
0011|2167.53|1525.06|0|5.12618|-2.77411
0011|2167.03|1525.25|0|5.38618|-2.77411
0011|2166.5|1525.45|0|5.64618|-2.77411
0011|2165.95|1525.66|0|5.90618|-2.77411
0011|2165.36|1525.81|0|6.15824|-2.78943
0011|2164.73|1525.93|0|6.35654|-2.81204
0011|2164.09|1526.05|0|6.49853|-2.83521
0011|2163.43|1526.18|0|6.73456|-2.85924
0011|2162.75|1526.31|0|6.89838|-2.88384
0011|2162.06|1526.44|0|7.02692|-2.90886
0011|2161.4|1526.57|0|6.68562|-2.93261
0011|2160.76|1526.69|0|6.5016|-2.95201
0011|2160.15|1526.77|0|6.16569|-2.9608
0011|2159.56|1526.75|0|5.89208|-2.98572
0011|2159|1526.74|0|5.65461|-3.00974
0011|2158.46|1526.73|0|5.39835|-3.03273
0011|2157.94|1526.71|0|5.17286|-3.0548
0011|2157.45|1526.7|0|4.92444|-3.07583
0011|2156.99|1526.69|0|4.59096|-3.09542
0011|2156.54|1526.68|0|4.49028|-3.11457
0011|2156.12|1526.67|0|4.20727|-3.13248
0011|2155.73|1526.66|0|3.95432|3.13391
0011|2155.35|1526.65|0|3.7511|3.11853
0011|2155|1526.65|0|3.51951|3.11853
0011|2154.67|1526.64|0|3.34791|3.11853
0011|2154.31|1526.63|0|3.60791|3.11853
0011|2153.92|1526.62|0|3.86791|3.11853
0011|2153.58|1526.61|0|3.41791|3.11853
0011|2153.28|1526.61|0|2.96791|3.11853
0011|2152.96|1526.6|0|3.22791|3.11853
0011|2152.61|1526.59|0|3.48791|3.11853
0011|2152.24|1526.58|0|3.74791|3.11853
0011|2151.84|1526.57|0|4.00791|3.11853
0011|2151.41|1526.56|0|4.26791|3.11853
0011|2150.96|1526.55|0|4.52791|3.11853
0011|2150.48|1526.54|0|4.78791|3.11853
0011|2150.02|1526.56|0|4.59783|3.1248
0011|2149.61|1526.59|0|4.14783|3.13184
0011|2149.24|1526.61|0|3.69783|3.13812
0011|2148.85|1526.64|0|3.95783|-3.13834
0011|2148.48|1526.7|0|3.77331|-3.12297
0011|2148.14|1526.81|0|3.5183|-3.09923
0011|2147.82|1526.92|0|3.36269|-3.07643
0011|2147.48|1527.03|0|3.62269|-3.05178
0011|2147.17|1527.25|0|3.88269|-3.00367
0011|2146.87|1527.54|0|4.14269|-2.93963
0011|2146.58|1527.86|0|4.40269|-2.86501
0011|2146.47|1528.31|0|4.66269|-2.74729
0011|2146.34|1528.79|0|4.92269|-2.61793
0011|2146.37|1529.3|0|5.18269|-2.45661
0011|2146.44|1529.84|0|5.44269|-2.27087
0011|2146.54|1530.39|0|5.64655|-2.0758
0011|2146.07|1530.52|0|5.78039|-2.06436
0011|2145.47|1530.61|0|5.96333|-2.08125
0011|2144.86|1530.71|0|6.20598|-2.14763
0011|2144.22|1530.81|0|6.4199|-2.24766
0011|2143.57|1530.92|0|6.66731|-2.44117
0011|2142.89|1531.04|0|6.8419|-2.65323
0011|2142.2|1531.16|0|7.05726|-2.85304
0011|2141.48|1531.28|0|7.23246|-2.98096
0011|2140.75|1531.4|0|7.41562|-2.97538
0011|2140.11|1531.53|0|7.5688|-2.96934
0011|2139.35|1531.7|0|7.74311|-2.96147
0011|2138.57|1531.87|0|7.95075|-2.95416
0011|2137.78|1532.04|0|8.1591|-2.9468
0011|2136.96|1532.22|0|8.41422|-2.93921
0011|2136.12|1532.4|0|8.54431|-2.9315
0011|2135.27|1532.58|0|8.67631|-2.92811
0011|2134.4|1532.77|0|8.89057|-2.92811
0011|2133.52|1532.96|0|9.09231|-2.92811
0011|2132.61|1533.16|0|9.25852|-2.92811
0011|2131.69|1533.36|0|9.39663|-2.92811
0011|2130.76|1533.56|0|9.57375|-2.92811
0011|2129.81|1533.77|0|9.74638|-2.92811
0011|2128.84|1533.98|0|9.90068|-2.92811
0011|2127.85|1534.19|0|10.126|-2.92811
0011|2126.85|1534.41|0|10.2591|-2.92811
0011|2125.83|1534.63|0|10.4458|-2.92811
0011|2124.79|1534.85|0|10.5901|-2.92811
0011|2123.74|1535.08|0|10.7257|-2.92811
0011|2122.68|1535.31|0|10.8863|-2.92863
0011|2121.59|1535.54|0|11.1316|-2.92983
0011|2120.48|1535.77|0|11.3008|-2.93106
0011|2119.35|1536.01|0|11.5254|-2.9323
0011|2118.21|1536.25|0|11.7418|-2.93352
0011|2117.03|1536.5|0|11.9911|-2.93353
0011|2115.83|1536.75|0|12.2319|-2.93437
0011|2114.62|1537|0|12.3924|-2.93522
0011|2113.38|1537.26|0|12.6443|-2.93609
0011|2112.12|1537.52|0|12.9015|-2.93695
0011|2110.83|1537.79|0|13.13|-2.93695
0011|2109.52|1538.06|0|13.3722|-2.93695
0011|2108.2|1538.34|0|13.576|-2.93695
0011|2106.84|1538.62|0|13.8021|-2.93695
0011|2105.47|1538.9|0|13.9942|-2.93695
0011|2104.09|1539.19|0|14.141|-2.93695
0011|2102.69|1539.48|0|14.3005|-2.93695
0011|2101.27|1539.77|0|14.5372|-2.93695
0011|2099.83|1540.07|0|14.6725|-2.93695
0011|2098.37|1540.37|0|14.8762|-2.93695
0011|2096.89|1540.68|0|15.121|-2.93695
0011|2095.39|1540.99|0|15.3387|-2.93695
0011|2093.87|1541.31|0|15.5848|-2.93695
0011|2092.32|1541.63|0|15.7689|-2.93695
0011|2090.76|1541.95|0|15.9523|-2.93695
0011|2089.19|1542.28|0|16.0905|-2.93695
0011|2087.59|1542.61|0|16.2536|-2.93695
0011|2085.99|1542.94|0|16.3913|-2.93695
0011|2084.37|1543.28|0|16.5411|-2.93695
0011|2082.73|1543.62|0|16.7942|-2.93695
0011|2081.07|1543.97|0|16.9326|-2.93695
0011|2079.39|1544.31|0|17.1151|-2.93695
0011|2077.71|1544.66|0|17.2472|-2.93695
0011|2076|1545.02|0|17.3913|-2.93695
0011|2074.28|1545.37|0|17.5993|-2.93695
0011|2072.54|1545.74|0|17.7578|-2.93695
0011|2070.78|1546.1|0|17.9684|-2.93695
0011|2069|1546.47|0|18.2009|-2.93695
0011|2067.19|1546.85|0|18.4417|-2.93695
0011|2065.37|1547.22|0|18.6022|-2.93695
0011|2063.54|1547.61|0|18.7732|-2.93568
0011|2061.68|1548|0|19.0086|-2.93437
0011|2059.8|1548.4|0|19.1832|-2.9335
0011|2057.91|1548.8|0|19.3264|-2.9335
0011|2056.01|1549.2|0|19.4743|-2.9335
0011|2054.15|1549.6|0|19.0243|-2.93271
0011|2052.33|1549.98|0|18.5743|-2.93194
0011|2050.56|1550.36|0|18.1243|-2.93143
0011|2048.83|1550.73|0|17.6743|-2.93143
0011|2047.15|1551.09|0|17.2243|-2.93143
0011|2045.5|1551.44|0|16.7743|-2.93143
0011|2043.91|1551.78|0|16.3243|-2.93143
0011|2042.36|1552.11|0|15.8743|-2.93143
0011|2040.85|1552.43|0|15.4243|-2.93143
0011|2039.38|1552.75|0|14.9743|-2.93143
0011|2037.96|1553.05|0|14.5243|-2.93143
0011|2036.59|1553.34|0|14.0743|-2.93143
0011|2035.24|1553.63|0|13.7734|-2.93143
0011|2033.88|1553.92|0|13.8824|-2.93143
0011|2032.53|1554.21|0|13.8548|-2.93143
0011|2031.17|1554.5|0|13.8288|-2.93143
0011|2029.82|1554.79|0|13.8285|-2.93143
0011|2028.46|1555.08|0|13.8749|-2.93143
0011|2027.11|1555.36|0|13.8276|-2.93143
0011|2025.76|1555.65|0|13.8306|-2.93143
0011|2024.41|1555.94|0|13.8239|-2.93143
0011|2023.06|1556.23|0|13.7626|-2.93143
0011|2021.72|1556.52|0|13.7643|-2.93143
0011|2020.36|1556.8|0|13.8349|-2.93143
0011|2019.01|1557.09|0|13.877|-2.93143
0011|2017.66|1557.38|0|13.7786|-2.93143
0011|2016.3|1557.67|0|13.8848|-2.93143
0011|2014.94|1557.96|0|13.8747|-2.93143
0011|2013.59|1558.25|0|13.8271|-2.93143
0011|2012.24|1558.54|0|13.8547|-2.93143
0011|2010.88|1558.83|0|13.8304|-2.93143
0011|2009.53|1559.11|0|13.8375|-2.93143
0011|2008.17|1559.4|0|13.8594|-2.93143
0011|2006.82|1559.69|0|13.838|-2.93143
0011|2005.46|1559.98|0|13.8823|-2.93143
0011|2004.11|1560.27|0|13.8027|-2.93143
0011|2002.76|1560.56|0|13.8739|-2.93143
0011|2001.4|1560.85|0|13.8452|-2.93143
0011|2000.06|1561.14|0|13.7786|-2.93143
0011|1998.71|1561.42|0|13.7972|-2.93143
0011|1997.35|1561.71|0|13.838|-2.93143
0011|1996|1562|0|13.8069|-2.93143
0011|1994.65|1562.29|0|13.8404|-2.93143
0011|1993.3|1562.58|0|13.8381|-2.93143
0011|1991.94|1562.87|0|13.8871|-2.93143
0011|1990.58|1563.16|0|13.8339|-2.93143
0011|1989.23|1563.45|0|13.8413|-2.93143
0011|1987.88|1563.73|0|13.8101|-2.93143
0011|1986.53|1564.02|0|13.804|-2.93143
0011|1985.17|1564.31|0|13.8809|-2.93143
0011|1983.82|1564.6|0|13.8087|-2.93131
0011|1982.48|1564.9|0|13.7831|-2.92952
0011|1981.13|1565.19|0|13.7712|-2.92772
0011|1979.78|1565.49|0|13.8051|-2.92593
0011|1978.44|1565.79|0|13.8027|-2.92492
0011|1977.09|1566.08|0|13.7956|-2.92492
0011|1975.74|1566.38|0|13.8479|-2.92492
0011|1974.39|1566.68|0|13.8202|-2.92492
0011|1973.03|1566.97|0|13.8489|-2.92492
0011|1971.68|1567.27|0|13.8756|-2.92492
0011|1970.33|1567.57|0|13.7817|-2.92492
0011|1968.98|1567.87|0|13.8373|-2.92492
0011|1967.63|1568.16|0|13.7891|-2.92492
0011|1966.28|1568.46|0|13.8373|-2.92492
0011|1964.93|1568.76|0|13.8535|-2.92492
0011|1963.58|1569.06|0|13.8483|-2.92492
0011|1962.23|1569.35|0|13.7972|-2.92492
0011|1960.87|1569.65|0|13.8861|-2.92492
0011|1959.52|1569.95|0|13.817|-2.92492
0011|1958.18|1570.24|0|13.7942|-2.92492
0011|1956.83|1570.54|0|13.838|-2.92492
0011|1955.47|1570.84|0|13.8757|-2.92492
0011|1954.12|1571.14|0|13.821|-2.92492
0011|1952.77|1571.43|0|13.8112|-2.92492
0011|1951.42|1571.73|0|13.8789|-2.92492
0011|1950.07|1572.03|0|13.7986|-2.92492
0011|1948.72|1572.33|0|13.8035|-2.92492
0011|1947.37|1572.62|0|13.8075|-2.92492
0011|1946.02|1572.92|0|13.8861|-2.92492
0011|1944.67|1573.22|0|13.7653|-2.92492
0011|1943.33|1573.51|0|13.7744|-2.92492
0011|1941.97|1573.81|0|13.8766|-2.92492
0011|1940.62|1574.11|0|13.8013|-2.92492
0011|1939.28|1574.4|0|13.7773|-2.92492
0011|1937.93|1574.7|0|13.7741|-2.92492
0011|1936.58|1575|0|13.8862|-2.92492
0011|1935.22|1575.3|0|13.8898|-2.92492
0011|1933.87|1575.6|0|13.8205|-2.92492
0011|1932.53|1575.89|0|13.7682|-2.92492
0011|1931.18|1576.19|0|13.8374|-2.92492
0011|1929.83|1576.48|0|13.7654|-2.92492
0011|1928.48|1576.78|0|13.8219|-2.92492
0011|1927.13|1577.08|0|13.7865|-2.92492
0011|1925.78|1577.38|0|13.8425|-2.92492
0011|1924.44|1577.67|0|13.761|-2.92492
0011|1923.08|1577.97|0|13.8652|-2.92492
0011|1921.73|1578.27|0|13.8438|-2.92492
0011|1920.38|1578.57|0|13.8875|-2.92492
0011|1919.03|1578.86|0|13.7797|-2.92492
0011|1917.68|1579.16|0|13.8226|-2.92492
0011|1916.33|1579.46|0|13.7898|-2.92492
0011|1914.99|1579.75|0|13.7804|-2.92492
0011|1913.64|1580.05|0|13.7963|-2.92492
0011|1912.29|1580.35|0|13.8415|-2.92492
0011|1910.94|1580.64|0|13.8077|-2.92492
0011|1909.59|1580.94|0|13.861|-2.92492
0011|1908.23|1581.24|0|13.85|-2.92492
0011|1906.88|1581.54|0|13.8795|-2.92492
0011|1905.53|1581.83|0|13.8202|-2.92492
0011|1904.17|1582.13|0|13.8789|-2.92492
0011|1902.82|1582.43|0|13.8543|-2.92492
0011|1901.47|1582.73|0|13.8612|-2.92492
0011|1900.11|1583.03|0|13.8889|-2.92492
0011|1898.76|1583.33|0|13.877|-2.92492
0011|1897.4|1583.62|0|13.8868|-2.92492
0011|1896.05|1583.92|0|13.8555|-2.92492
0011|1894.69|1584.22|0|13.8712|-2.92492
0011|1893.34|1584.52|0|13.8814|-2.92492
0011|1891.99|1584.82|0|13.8232|-2.92492
0011|1890.63|1585.11|0|13.8815|-2.92492
0011|1889.28|1585.41|0|13.8611|-2.92492
0011|1887.93|1585.71|0|13.7787|-2.92492
0011|1886.58|1586.01|0|13.842|-2.92492
0011|1885.22|1586.3|0|13.8689|-2.92492
0011|1883.87|1586.6|0|13.8828|-2.92492
0011|1882.52|1586.9|0|13.8172|-2.92492
0011|1881.17|1587.2|0|13.7715|-2.92492
0011|1879.83|1587.49|0|13.7895|-2.92492
0011|1878.48|1587.79|0|13.775|-2.92492
0011|1877.13|1588.09|0|13.8307|-2.92492
0011|1875.79|1588.38|0|13.7734|-2.92492
0011|1874.43|1588.68|0|13.8701|-2.92492
0011|1873.08|1588.98|0|13.8468|-2.92492
0011|1871.73|1589.28|0|13.8641|-2.92492
0011|1870.38|1589.57|0|13.7973|-2.92492
0011|1869.03|1589.87|0|13.8337|-2.92492
0011|1867.68|1590.17|0|13.8345|-2.92492
0011|1866.33|1590.46|0|13.8213|-2.92492
0011|1864.97|1590.76|0|13.8508|-2.92469
0011|1863.62|1591.06|0|13.8446|-2.92438
0011|1862.27|1591.36|0|13.8808|-2.92408
0011|1860.92|1591.66|0|13.7884|-2.92381
0011|1859.57|1591.96|0|13.8352|-2.92381
0011|1858.22|1592.26|0|13.7924|-2.92381
0011|1856.87|1592.56|0|13.8395|-2.92381
0011|1855.53|1592.85|0|13.7695|-2.92381
0011|1854.17|1593.15|0|13.8691|-2.92381
0011|1852.82|1593.45|0|13.8862|-2.92381
0011|1851.47|1593.75|0|13.8445|-2.92381
0011|1850.12|1594.05|0|13.7736|-2.92381
0011|1848.77|1594.35|0|13.8776|-2.92381
0011|1847.42|1594.65|0|13.839|-2.92381
0011|1846.07|1594.95|0|13.7768|-2.92381
0011|1844.73|1595.24|0|13.7758|-2.92381
0011|1843.38|1595.54|0|13.8032|-2.92381
0011|1842.03|1595.84|0|13.8002|-2.92381
0011|1840.68|1596.14|0|13.8649|-2.92381
0011|1839.33|1596.44|0|13.7616|-2.92381
0011|1837.99|1596.73|0|13.7706|-2.92381
0011|1836.64|1597.03|0|13.7913|-2.92381
0011|1835.29|1597.33|0|13.8146|-2.92381
0011|1833.94|1597.63|0|13.8426|-2.92381
0011|1832.59|1597.93|0|13.8307|-2.92381
0011|1831.24|1598.23|0|13.8249|-2.92381
0011|1829.89|1598.53|0|13.8065|-2.92381
0011|1828.54|1598.82|0|13.8411|-2.92381
0011|1827.19|1599.12|0|13.857|-2.92381
0011|1825.84|1599.42|0|13.8426|-2.92381
0011|1824.49|1599.72|0|13.8184|-2.92381
0011|1823.14|1600.02|0|13.8561|-2.92381
0011|1821.78|1600.32|0|13.8729|-2.92381
0011|1820.43|1600.62|0|13.8255|-2.92381
0011|1819.08|1600.92|0|13.8639|-2.92381
0011|1817.73|1601.22|0|13.8014|-2.92381
0011|1816.38|1601.52|0|13.8232|-2.92381
0011|1815.03|1601.82|0|13.8539|-2.92381
0011|1813.67|1602.12|0|13.8773|-2.92381
0011|1812.32|1602.41|0|13.8218|-2.92381
0011|1810.98|1602.71|0|13.7793|-2.92381
0011|1809.62|1603.01|0|13.8747|-2.92381
0011|1808.27|1603.31|0|13.8386|-2.92381
0011|1806.92|1603.61|0|13.8692|-2.92381
0011|1805.56|1603.91|0|13.8597|-2.92381
0011|1804.21|1604.21|0|13.8839|-2.92381
0011|1802.86|1604.51|0|13.8139|-2.92381
0011|1801.52|1604.81|0|13.7638|-2.92381
0011|1800.17|1605.1|0|13.7929|-2.92381
0011|1798.81|1605.4|0|13.8895|-2.92381
0011|1797.47|1605.7|0|13.8108|-2.92381
0011|1796.11|1606|0|13.8668|-2.92381
0011|1794.76|1606.3|0|13.8147|-2.92381
0011|1793.41|1606.6|0|13.8103|-2.92381
0011|1792.06|1606.9|0|13.8679|-2.92381
0011|1790.7|1607.2|0|13.8794|-2.92381
0011|1789.36|1607.5|0|13.8008|-2.92381
0011|1788.01|1607.79|0|13.7754|-2.92381
0011|1786.67|1608.09|0|13.763|-2.92381
0011|1785.32|1608.39|0|13.7964|-2.92381
0011|1783.97|1608.69|0|13.8109|-2.92381
0011|1782.63|1608.98|0|13.7644|-2.92381
0011|1781.28|1609.28|0|13.8473|-2.92381
0011|1779.93|1609.58|0|13.824|-2.92381
0011|1778.58|1609.88|0|13.7857|-2.92381
0011|1777.23|1610.18|0|13.8509|-2.92381
0011|1775.88|1610.48|0|13.7778|-2.92381
0011|1774.57|1610.77|0|13.4706|-2.92381
0011|1773.29|1611.05|0|13.1437|-2.92381
0011|1772.04|1611.33|0|12.7347|-2.92381
0011|1770.83|1611.6|0|12.4644|-2.92381
0011|1769.64|1611.86|0|12.1139|-2.92381
0011|1768.5|1612.11|0|11.7242|-2.92381
0011|1767.38|1612.36|0|11.4804|-2.92381
0011|1766.29|1612.61|0|11.0914|-2.9225
0011|1765.25|1612.85|0|10.745|-2.91973
0011|1764.22|1613.09|0|10.531|-2.91701
0011|1763.23|1613.33|0|10.1636|-2.91439
0011|1762.27|1613.55|0|9.83878|-2.91186
0011|1761.34|1613.77|0|9.57659|-2.91092
0011|1760.44|1613.98|0|9.24957|-2.91092
0011|1759.57|1614.2|0|8.91965|-2.90897
0011|1758.74|1614.4|0|8.51706|-2.90638
0011|1757.94|1614.6|0|8.30209|-2.90385
0011|1757.17|1614.8|0|7.97022|-2.90079
0011|1756.43|1614.99|0|7.63816|-2.89761
0011|1755.71|1615.18|0|7.37619|-2.89455
0011|1755.02|1615.35|0|7.11561|-2.89261
0011|1754.36|1615.52|0|6.84321|-2.89234
0011|1753.73|1615.68|0|6.55352|-2.89231
0011|1753.12|1615.83|0|6.25145|-2.89229
0011|1752.53|1615.98|0|6.02442|-2.89284
0011|1751.98|1616.12|0|5.72985|-2.89397
0011|1751.45|1616.25|0|5.42925|-2.89503
0011|1750.95|1616.37|0|5.19134|-2.89606
0011|1750.47|1616.48|0|4.92199|-2.89746
0011|1750.01|1616.59|0|4.68647|-2.89942
0011|1749.58|1616.69|0|4.44021|-2.90088
0011|1749.16|1616.79|0|4.28654|-2.90221
0011|1748.77|1616.88|0|4.06452|-2.90348
0011|1748.4|1616.97|0|3.77482|-2.90466
0011|1748.05|1617.05|0|3.55591|-2.90577
0011|1747.72|1617.13|0|3.46867|-2.90673
0011|1747.42|1617.21|0|3.17015|-2.90535
0011|1747.13|1617.32|0|2.99354|-2.89875
0011|1746.87|1617.41|0|2.80771|-2.89255
0011|1746.62|1617.51|0|2.69003|-2.88662
0011|1746.38|1617.59|0|2.51095|-2.88108
0011|1746.16|1617.67|0|2.31069|-2.87598
0011|1745.96|1617.75|0|2.19452|-2.87113
0011|1745.77|1617.82|0|1.98209|-2.86656
0011|1745.59|1617.88|0|1.90426|-2.86193
0011|1745.43|1617.94|0|1.71641|-2.85777
0011|1745.28|1618|0|1.57477|-2.85394
0011|1745.14|1618.05|0|1.47462|-2.85036
0011|1745.01|1618.09|0|1.39554|-2.84698
0011|1744.89|1618.14|0|1.27408|-2.84388
0011|1744.78|1618.18|0|1.17226|-2.84104
0011|1744.68|1618.22|0|1.09105|-2.83839
0011|1744.58|1618.25|0|0.985856|-2.836
0011|1744.5|1618.28|0|0.919121|-2.83377
0011|1744.42|1618.31|0|0.814733|-2.83179
0011|1744.35|1618.34|0|0.752936|-2.82997
0011|1744.29|1618.36|0|0.675433|-2.82833
0011|1744.23|1618.38|0|0.629705|-2.82681
0011|1744.17|1618.4|0|0.582473|-2.82539
0011|1744.13|1618.42|0|0.507587|-2.82416
0011|1744.08|1618.44|0|0.477051|-2.82301
0011|1744.04|1618.45|0|0.436825|-2.82195
0011|1744|1618.46|0|0.382964|-2.82102
0011|1743.97|1618.48|0|0.36009|-2.82015
0011|1743.94|1618.49|0|0.312194|-2.81939
0011|1743.91|1618.5|0|0.283593|-2.81871
0011|1743.89|1618.51|0|0.264568|-2.81806
0011|1743.87|1618.51|0|0.227793|-2.81751
0011|1740.87|1619.93|0|0.214999|2.01126
0011|1737.88|1621.32|0|0.18756|2.01135
0011|1734.89|1622.71|0|0.173754|0.495428
0011|1734.87|1622.68|0|0.433754|0.50699
0011|1734.84|1622.61|0|0.693754|0.525908
0011|1734.8|1622.53|0|0.953754|0.552742
0011|1734.74|1622.42|0|1.18798|0.587595
0011|1734.67|1622.3|0|1.41852|0.631428
0011|1734.59|1622.15|0|1.66949|0.686146
0011|1734.5|1621.99|0|1.84481|0.750592
0011|1734.41|1621.81|0|2.04501|0.826716
0011|1734.3|1621.61|0|2.25522|0.915761
0011|1734.18|1621.4|0|2.48421|1.01885
0011|1734.05|1621.16|0|2.70728|1.13499
0011|1733.91|1620.91|0|2.88975|1.25795
0011|1733.76|1620.64|0|3.02816|1.38426
0011|1733.61|1620.35|0|3.27288|1.51436
0011|1733.41|1620.07|0|3.43248|1.64876
0011|1733.2|1619.81|0|3.35982|1.76977
0011|1732.97|1619.53|0|3.61982|1.88715
0011|1732.73|1619.23|0|3.87982|1.99484
0011|1732.47|1618.91|0|4.13982|2.09254
0011|1732.16|1618.6|0|4.39982|2.1565
0011|1731.77|1618.34|0|4.65982|2.20285
0011|1731.42|1618.11|0|4.20982|2.24388
0011|1731.05|1617.87|0|4.46982|2.2877
0011|1730.65|1617.82|0|4.01982|2.36159
0011|1730.29|1617.8|0|3.56982|2.43181
0011|1729.91|1617.77|0|3.82982|2.50868
0011|1729.54|1617.82|0|3.80876|2.59815
0011|1729.21|1617.96|0|3.59518|2.68906
0011|1728.9|1618.09|0|3.38795|2.77801
0011|1728.61|1618.22|0|3.16529|2.86285
0011|1728.31|1618.38|0|3.42529|2.96053
0011|1728.12|1618.61|0|2.97529|3.06381
0011|1727.95|1618.8|0|2.56375|-3.12913
0011|1727.77|1619.02|0|2.82375|-3.03932
0011|1727.62|1619.2|0|2.37375|-2.96705
0011|1727.56|1619.4|0|2.0422|-2.89195
0011|1727.51|1619.62|0|2.3022|-2.80472
0011|1727.46|1619.8|0|1.8522|-2.73408
0011|1727.41|1620.01|0|2.1122|-2.65398
0011|1727.37|1620.17|0|1.6622|-2.59193
0011|1727.34|1620.3|0|1.355|-2.54619
0011|1727.3|1620.46|0|1.615|-2.49856
0011|1727.31|1620.57|0|1.165|-2.45876
0011|1727.32|1620.72|0|1.425|-2.40877
0011|1727.33|1620.81|0|0.975|-2.37435
0011|1727.35|1620.94|0|1.235|-2.33067
0011|1727.35|1621.01|0|0.785|-2.30292
0011|1727.36|1621.12|0|1.045|-2.26608
0011|1727.37|1621.18|0|0.595|-2.24519
0011|1727.38|1621.26|0|0.855|-2.21534
0011|1727.38|1621.3|0|0.417793|-2.20083
0011|1727.39|1621.37|0|0.677793|-2.17742
0011|1727.39|1621.4|0|0.316649|-2.16654
0011|1727.4|1621.46|0|0.576649|-2.14685
0011|1727.4|1621.48|0|0.226006|-2.13917
0011|1727.4|1621.53|0|0.486006|-2.12423
0011|1727.41|1621.61|0|0.746006|-2.10261
0011|1727.41|1621.64|0|0.296006|-2.09405
0011|1727.42|1621.69|0|0.556006|-2.07801
0011|1727.43|1621.75|0|0.596913|-2.0619
0011|1727.43|1621.8|0|0.531406|-2.04774
0011|1727.44|1621.85|0|0.489779|-2.0347
0011|1727.44|1621.9|0|0.446957|-2.02283
0011|1727.44|1621.94|0|0.395843|-2.01234
0011|1727.45|1621.97|0|0.358087|-2.00286
0011|1727.45|1622.01|0|0.326924|-1.99423
0011|1727.45|1622.04|0|0.292803|-1.98651
0011|1727.46|1622.06|0|0.267122|-1.97948
0011|1727.46|1622.09|0|0.245298|-1.97304
0011|1727.46|1622.11|0|0.22255|-1.96721
0011|1724.23|1622.8|0|0.198618|-1.36695
0011|1724.24|1622.84|0|0.458618|-1.36702
0011|1724.26|1622.92|0|0.718618|-1.36711
0011|1724.28|1623.01|0|0.978618|-1.36717
0011|1724.3|1623.13|0|1.22225|-1.36709
0011|1724.33|1623.28|0|1.46681|-1.36699
0011|1724.37|1623.44|0|1.63709|-1.36688
0011|1724.4|1623.58|0|1.46838|-1.36678
0011|1724.42|1623.72|0|1.42093|-1.36669
0011|1724.45|1623.84|0|1.30109|-1.3666
0011|1724.48|1623.96|0|1.17049|-1.36652
0011|1724.5|1624.06|0|1.06168|-1.36645
0011|1724.52|1624.16|0|0.984355|-1.36638
0011|1724.54|1624.25|0|0.9011|-1.36632
0011|1724.55|1624.33|0|0.853632|-1.36626
0011|1724.57|1624.4|0|0.776563|-1.36621
0011|1724.58|1624.47|0|0.700012|-1.36617
0011|1724.6|1624.53|0|0.628916|-1.36612
0011|1724.61|1624.59|0|0.56988|-1.36608
0011|1724.62|1624.64|0|0.536456|-1.36605
0011|1724.63|1624.69|0|0.47453|-1.36602
0011|1724.64|1624.73|0|0.431152|-1.36599
0011|1724.65|1624.77|0|0.387047|-1.36596
0011|1724.65|1624.8|0|0.353963|-1.36594
0011|1724.66|1624.83|0|0.321063|-1.36592
0011|1724.67|1624.86|0|0.286011|-1.3659
0011|1724.67|1624.89|0|0.269165|-1.36588
0011|1724.68|1624.91|0|0.236781|-1.36586
0011|1721.45|1625.63|0|0.21829|0.493973
0011|1721.46|1625.68|0|0.47829|0.487552
0011|1721.47|1625.75|0|0.73829|0.477305
0011|1721.49|1625.84|0|0.99829|0.463169
0011|1721.48|1625.97|0|1.22575|0.446214
0011|1721.47|1626.11|0|1.464|0.423915
0011|1721.46|1626.28|0|1.65891|0.395517
0011|1721.45|1626.46|0|1.8503|0.35915
0011|1721.44|1626.67|0|2.1069|0.310305
0011|1721.36|1626.87|0|2.31741|0.263065
0011|1721.16|1627.02|0|2.51856|0.235656
0011|1720.93|1627.18|0|2.77856|0.18702
0011|1720.68|1627.33|0|3.03856|0.102894
0011|1720.35|1627.34|0|3.29856|0.133538
0011|1719.99|1627.34|0|3.55856|-3.14014
0011|1719.61|1627.35|0|3.81856|-3.04494
0011|1719.21|1627.32|0|4.07856|-2.87743
0011|1718.78|1627.22|0|4.33856|-2.82665
0011|1718.34|1627.12|0|4.59856|-2.79748
0011|1717.86|1627.01|0|4.85856|-2.77865
0011|1717.36|1626.9|0|5.11856|-2.95075
0011|1716.86|1626.77|0|5.28323|-3.11267
0011|1716.31|1626.74|0|5.46847|3.08138
0011|1715.74|1626.71|0|5.67521|3.01627
0011|1715.16|1626.68|0|5.88037|3.00875
0011|1714.55|1626.65|0|6.09182|3.00096
0011|1713.92|1626.62|0|6.26043|3.01709
0011|1713.28|1626.59|0|6.4534|3.03967
0011|1712.61|1626.56|0|6.66696|3.06296
0011|1711.93|1626.52|0|6.81138|3.09215
0011|1711.24|1626.49|0|6.94491|3.09215
0011|1710.53|1626.45|0|7.10906|3.09215
0011|1709.8|1626.42|0|7.25566|3.09215
0011|1709.05|1626.38|0|7.51499|3.09215
0011|1708.28|1626.34|0|7.75463|3.09215
0011|1707.5|1626.5|0|7.92438|3.13216
0011|1706.7|1626.67|0|8.09545|-3.10955
0011|1705.9|1626.84|0|8.23591|-3.06718
0011|1705.07|1627.01|0|8.49148|-3.02347
0011|1704.22|1627.19|0|8.65912|-2.97903
0011|1703.36|1627.37|0|8.80405|-2.9344
0011|1702.48|1627.56|0|9.04104|-2.93463
0011|1701.58|1627.74|0|9.19121|-2.93463
0011|1700.66|1627.95|0|9.38835|-2.9312
0011|1699.72|1628.17|0|9.58203|-2.92724
0011|1698.76|1628.38|0|9.82379|-2.92643
0011|1697.78|1628.59|0|10.0672|-2.9256
0011|1696.78|1628.8|0|10.2805|-2.92475
0011|1695.75|1629.01|0|10.4597|-2.92935
0011|1694.71|1629.22|0|10.5979|-2.9347
0011|1693.65|1629.44|0|10.8268|-2.937
0011|1692.58|1629.66|0|10.9668|-2.93932
0011|1691.48|1629.88|0|11.1447|-2.94111
0011|1690.37|1630.11|0|11.368|-2.94111
0011|1689.24|1630.34|0|11.5378|-2.94111
0011|1688.09|1630.57|0|11.7536|-2.94111
0011|1686.91|1630.81|0|11.9998|-2.94111
0011|1685.72|1631.05|0|12.1818|-2.94111
0011|1684.51|1631.3|0|12.3798|-2.94111
0011|1683.28|1631.55|0|12.5146|-2.94111
0011|1682.03|1631.8|0|12.6985|-2.94111
0011|1680.77|1632.06|0|12.9392|-2.94111
0011|1679.48|1632.32|0|13.1663|-2.94111
0011|1678.16|1632.59|0|13.3929|-2.94111
0011|1676.83|1632.86|0|13.6267|-2.94111
0011|1675.48|1633.13|0|13.7732|-2.94111
0011|1674.11|1633.41|0|13.9503|-2.94111
0011|1672.73|1633.69|0|14.1463|-2.94111
0011|1671.32|1633.98|0|14.3074|-2.94111
0011|1669.91|1634.26|0|14.4505|-2.94111
0011|1668.47|1634.57|0|14.6639|-2.93923
0011|1667.01|1634.87|0|14.8997|-2.93728
0011|1665.54|1635.18|0|15.0676|-2.93531
0011|1664.05|1635.5|0|15.2583|-2.93457
0011|1662.54|1635.81|0|15.442|-2.93457
0011|1661|1636.13|0|15.6596|-2.93457
0011|1659.46|1636.46|0|15.8143|-2.93457
0011|1657.89|1636.79|0|16.0332|-2.93457
0011|1656.29|1637.12|0|16.2666|-2.93457
0011|1654.68|1637.46|0|16.4685|-2.93457
0011|1653.06|1637.8|0|16.625|-2.93457
0011|1651.41|1638.15|0|16.8287|-2.93457
0011|1649.74|1638.5|0|17.0541|-2.93457
0011|1648.05|1638.86|0|17.2676|-2.93457
0011|1646.34|1639.21|0|17.4889|-2.93457
0011|1644.61|1639.58|0|17.6299|-2.93457
0011|1642.87|1639.94|0|17.7627|-2.93457
0011|1641.12|1640.31|0|17.9276|-2.93457
0011|1639.34|1640.68|0|18.1816|-2.93457
0011|1637.55|1641.06|0|18.3471|-2.93457
0011|1635.73|1641.44|0|18.5824|-2.93457
0011|1633.89|1641.83|0|18.8047|-2.93457
0011|1632.03|1642.22|0|18.997|-2.93457
0011|1630.15|1642.61|0|19.1819|-2.93457
0011|1628.25|1643.01|0|19.393|-2.93457
0011|1626.34|1643.41|0|19.5517|-2.93457
0011|1624.4|1643.82|0|19.7802|-2.93457
0011|1622.45|1644.23|0|19.9368|-2.93457
0011|1620.48|1644.64|0|20.1078|-2.93457
0011|1618.5|1645.06|0|20.323|-2.93457
0011|1616.49|1645.48|0|20.496|-2.93457
0011|1614.47|1645.91|0|20.6558|-2.93457
0011|1612.43|1646.34|0|20.7905|-2.93457
0011|1610.38|1646.77|0|20.9549|-2.93457
0011|1608.32|1647.2|0|21.0542|-2.93457
0011|1606.26|1647.63|0|21.0716|-2.93457
0011|1604.22|1648.06|0|20.8672|-2.93457
0011|1602.19|1648.49|0|20.7538|-2.93457
0011|1600.16|1648.91|0|20.6895|-2.93457
0011|1598.15|1649.34|0|20.5826|-2.93457
0011|1596.14|1649.76|0|20.5547|-2.93457
0011|1594.14|1650.18|0|20.3603|-2.93457
0011|1592.16|1650.59|0|20.2455|-2.93457
0011|1590.19|1651.01|0|20.1317|-2.93457
0011|1588.23|1651.42|0|20.041|-2.93457
0011|1586.29|1651.83|0|19.8887|-2.93457
0011|1584.36|1652.23|0|19.6362|-2.93457
0011|1582.48|1652.63|0|19.2062|-2.93457
0011|1580.63|1653.01|0|18.9065|-2.93457
0011|1578.83|1653.39|0|18.4825|-2.93457
0011|1577.05|1653.77|0|18.1207|-2.93457
0011|1575.32|1654.13|0|17.7007|-2.93457
0011|1573.62|1654.49|0|17.3288|-2.93457
0011|1571.96|1654.84|0|17.0072|-2.93457
0011|1570.33|1655.18|0|16.6278|-2.93457
0011|1568.74|1655.51|0|16.315|-2.93457
0011|1567.17|1655.84|0|15.9679|-2.93457
0011|1565.65|1656.16|0|15.5971|-2.93457
0011|1564.16|1656.47|0|15.1812|-2.93457
0011|1562.71|1656.78|0|14.8383|-2.93457
0011|1561.29|1657.08|0|14.502|-2.93457
0011|1559.9|1657.37|0|14.1984|-2.93457
0011|1558.55|1657.65|0|13.8358|-2.93457
0011|1557.22|1657.93|0|13.5226|-2.93457
0011|1555.93|1658.2|0|13.1703|-2.93457
0011|1554.68|1658.47|0|12.8544|-2.93457
0011|1553.46|1658.72|0|12.447|-2.93457
0011|1552.28|1658.97|0|12.0715|-2.93457
0011|1551.12|1659.21|0|11.8257|-2.93457
0011|1550|1659.45|0|11.3981|-2.93457
0011|1548.92|1659.68|0|11.0938|-2.93457
0011|1547.86|1659.9|0|10.8482|-2.93457
0011|1546.84|1660.11|0|10.4153|-2.93457
0011|1545.84|1660.32|0|10.174|-2.93457
0011|1544.88|1660.52|0|9.81378|-2.93469
0011|1543.94|1660.72|0|9.56011|-2.93496
0011|1543.04|1660.91|0|9.17442|-2.93522
0011|1542.17|1661.09|0|8.94651|-2.93548
0011|1541.32|1661.27|0|8.63169|-2.93573
0011|1540.51|1661.43|0|8.2315|-2.93596
0011|1539.73|1661.6|0|7.95554|-2.936
0011|1538.97|1661.75|0|7.75077|-2.93615
0011|1538.25|1661.9|0|7.39956|-2.93666
0011|1537.56|1662.04|0|7.05134|-2.93714
0011|1536.88|1662.18|0|6.88539|-2.93761
0011|1536.24|1662.32|0|6.60343|-2.93806
0011|1535.62|1662.44|0|6.29059|-2.93849
0011|1535.04|1662.56|0|5.95685|-2.9389
0011|1534.48|1662.68|0|5.71346|-2.93929
0011|1533.94|1662.79|0|5.47494|-2.93942
0011|1533.43|1662.89|0|5.21979|-2.93942
0011|1532.94|1662.99|0|4.99856|-2.93942
0011|1532.47|1663.09|0|4.76145|-2.93942
0011|1532.03|1663.18|0|4.51871|-2.93942
0011|1531.62|1663.26|0|4.20017|-2.93942
0011|1531.23|1663.34|0|4.00919|-2.93942
0011|1530.85|1663.42|0|3.8135|-2.93942
0011|1530.5|1663.49|0|3.63536|-2.93942
0011|1530.17|1663.56|0|3.34406|-2.93942
0011|1529.82|1663.63|0|3.60406|-2.93942
0011|1529.44|1663.71|0|3.86406|-2.93942
0011|1529.04|1663.79|0|4.0568|-2.93934
0011|1528.62|1663.88|0|4.3168|-2.93901
0011|1528.17|1663.97|0|4.5768|-2.93866
0011|1527.7|1664.07|0|4.8368|-2.9381
0011|1527.2|1664.18|0|5.0968|-2.93675
0011|1526.68|1664.3|0|5.3568|-2.93394
0011|1526.14|1664.46|0|5.6168|-2.92386
0011|1525.91|1664.02|0|5.79693|-3.02781
0011|1525.65|1663.49|0|5.94944|3.10964
0011|1525.37|1662.95|0|6.11432|2.94036
0011|1524.82|1662.64|0|6.28|2.83215
0011|1524.25|1662.33|0|6.50827|2.72384
0011|1523.61|1662.17|0|6.76326|2.65582
0011|1522.92|1662.11|0|6.89794|2.6145
0011|1522.21|1662.05|0|7.05744|2.58917
0011|1521.5|1662.08|0|7.22108|2.7661
0011|1520.76|1662.18|0|7.45289|2.94852
0011|1520|1662.29|0|7.68194|3.06398
0011|1519.22|1662.39|0|7.82454|-3.11956
0011|1518.44|1662.55|0|8.00076|-3.06044
0011|1517.63|1662.72|0|8.25518|-3.01292
0011|1516.8|1662.88|0|8.47101|-2.97329
0011|1515.94|1663.05|0|8.68771|-2.96375
0011|1515.08|1663.22|0|8.85314|-2.95404
0011|1514.18|1663.39|0|9.10018|-2.94405
0011|1513.27|1663.57|0|9.28418|-2.94688
0011|1512.34|1663.76|0|9.48235|-2.94718
0011|1511.4|1663.95|0|9.64399|-2.94641
0011|1510.43|1664.14|0|9.79738|-2.94562
0011|1509.45|1664.34|0|10.0247|-2.94481
0011|1508.45|1664.54|0|10.2459|-2.94398
0011|1507.43|1664.75|0|10.3847|-2.94327
0011|1506.38|1664.95|0|10.6251|-2.94327
0011|1505.33|1665.17|0|10.756|-2.94221
0011|1504.26|1665.39|0|10.9731|-2.94098
0011|1503.16|1665.62|0|11.2117|-2.93972
0011|1502.05|1665.85|0|11.3659|-2.93845
0011|1500.91|1666.09|0|11.5592|-2.93767
0011|1499.76|1666.32|0|11.801|-2.93767
0011|1498.59|1666.57|0|11.9487|-2.93767
0011|1497.4|1666.81|0|12.1792|-2.93767
0011|1496.18|1667.06|0|12.394|-2.93767
0011|1494.94|1667.32|0|12.645|-2.93767
0011|1493.68|1667.58|0|12.8735|-2.93767
0011|1492.41|1667.85|0|13.0417|-2.93767
0011|1491.11|1668.11|0|13.2067|-2.93767
0011|1489.8|1668.38|0|13.4153|-2.93767
0011|1488.47|1668.66|0|13.5482|-2.93767
0011|1487.12|1668.94|0|13.7678|-2.93767
0011|1485.76|1669.22|0|13.9623|-2.93767
0011|1484.37|1669.51|0|14.1289|-2.93767
0011|1482.97|1669.8|0|14.3379|-2.93767
0011|1481.54|1670.09|0|14.5542|-2.93767
0011|1480.1|1670.39|0|14.7633|-2.93767
0011|1478.64|1670.69|0|14.9286|-2.93767
0011|1477.16|1671|0|15.0854|-2.93767
0011|1475.67|1671.31|0|15.2394|-2.93767
0011|1474.16|1671.62|0|15.4076|-2.93767
0011|1472.63|1671.94|0|15.6393|-2.93767
0011|1471.07|1672.26|0|15.8578|-2.93767
0011|1469.51|1672.58|0|15.9912|-2.93767
0011|1467.93|1672.91|0|16.1246|-2.93767
0011|1466.33|1673.24|0|16.3634|-2.93767
0011|1464.71|1673.57|0|16.5075|-2.93767
0011|1463.07|1673.91|0|16.7297|-2.93767
0011|1461.42|1674.25|0|16.8986|-2.93767
0011|1459.74|1674.6|0|17.1352|-2.93767
0011|1458.04|1674.95|0|17.3379|-2.93767
0011|1456.32|1675.31|0|17.553|-2.93767
0011|1454.58|1675.67|0|17.7861|-2.93767
0011|1452.82|1676.03|0|17.9837|-2.93767
0011|1451.04|1676.4|0|18.1572|-2.93767
0011|1449.24|1676.77|0|18.3493|-2.93767
0011|1447.43|1677.15|0|18.5113|-2.93767
0011|1445.6|1677.52|0|18.6604|-2.93767
0011|1443.76|1677.91|0|18.8418|-2.93767
0011|1441.9|1678.29|0|18.9862|-2.93767
0011|1440.02|1678.68|0|19.1818|-2.93767
0011|1438.12|1679.07|0|19.4132|-2.93767
0011|1436.2|1679.47|0|19.6578|-2.93767
0011|1434.25|1679.87|0|19.8368|-2.93767
0011|1432.29|1680.28|0|19.9948|-2.93767
0011|1430.31|1680.69|0|20.2403|-2.93767
0011|1428.31|1681.1|0|20.4364|-2.93767
0011|1426.29|1681.52|0|20.6368|-2.93767
0011|1424.25|1681.94|0|20.7857|-2.93767
0011|1422.2|1682.37|0|21.0038|-2.93711
0011|1420.12|1682.8|0|21.2463|-2.93652
0011|1418.02|1683.24|0|21.4651|-2.9363
0011|1415.9|1683.68|0|21.5997|-2.9363
0011|1413.77|1684.12|0|21.7969|-2.9363
0011|1411.62|1684.57|0|21.9931|-2.9363
0011|1409.45|1685.02|0|22.1582|-2.9363
0011|1407.25|1685.48|0|22.4088|-2.9363
0011|1405.03|1685.94|0|22.6598|-2.9363
0011|1402.79|1686.41|0|22.8834|-2.9363
0011|1400.54|1686.88|0|23.0291|-2.9363
0011|1398.27|1687.35|0|23.1718|-2.9363
0011|1395.99|1687.82|0|23.3362|-2.9363
0011|1393.68|1688.31|0|23.5528|-2.9363
0011|1391.35|1688.79|0|23.7899|-2.9363
0011|1389.01|1689.28|0|23.9238|-2.9363
0011|1386.65|1689.77|0|24.0617|-2.9363
0011|1384.28|1690.26|0|24.2639|-2.9363
0011|1381.88|1690.76|0|24.4581|-2.9363
0011|1379.47|1691.26|0|24.6704|-2.9363
0011|1377.04|1691.77|0|24.8004|-2.9363
0011|1374.6|1692.28|0|24.9578|-2.9363
0011|1372.13|1692.79|0|25.1921|-2.9363
0011|1369.65|1693.31|0|25.3914|-2.9363
0011|1367.14|1693.83|0|25.5819|-2.9363
0011|1364.61|1694.36|0|25.832|-2.9363
0011|1362.06|1694.89|0|26.0543|-2.9363
0011|1359.5|1695.42|0|26.2065|-2.9363
0011|1356.91|1695.96|0|26.427|-2.9363
0011|1354.31|1696.5|0|26.5842|-2.9363
0011|1351.69|1697.05|0|26.7674|-2.9363
0011|1349.05|1697.6|0|26.9605|-2.9363
0011|1346.39|1698.15|0|27.1006|-2.9363
0011|1343.72|1698.71|0|27.3594|-2.9363
0011|1341.02|1699.27|0|27.5147|-2.9363
0011|1338.3|1699.83|0|27.757|-2.93658
0011|1335.59|1700.4|0|27.6859|-2.93707
0011|1332.88|1700.96|0|27.6874|-2.93718
0011|1330.17|1701.52|0|27.7073|-2.93718
0011|1327.46|1702.08|0|27.7032|-2.93718
0011|1324.75|1702.64|0|27.6601|-2.93718
0011|1322.04|1703.21|0|27.689|-2.93718
0011|1319.32|1703.77|0|27.716|-2.93718
0011|1316.61|1704.33|0|27.7331|-2.93718
0011|1313.9|1704.89|0|27.6664|-2.93718
0011|1311.19|1705.46|0|27.6982|-2.93718
0011|1308.48|1706.02|0|27.6716|-2.93718
0011|1305.76|1706.58|0|27.7235|-2.93718
0011|1303.04|1707.14|0|27.7522|-2.93718
0011|1300.33|1707.71|0|27.7262|-2.93718
0011|1297.62|1708.27|0|27.6797|-2.93718
0011|1294.91|1708.83|0|27.726|-2.93718
0011|1292.19|1709.4|0|27.7784|-2.93718
0011|1289.47|1709.96|0|27.7758|-2.93718
0011|1286.75|1710.52|0|27.738|-2.93718
0011|1284.03|1711.09|0|27.7721|-2.93718
0011|1281.31|1711.65|0|27.7502|-2.93718
0011|1278.6|1712.21|0|27.6696|-2.93718
0011|1275.89|1712.77|0|27.7141|-2.93718
0011|1273.18|1713.34|0|27.6896|-2.93718
0011|1270.47|1713.9|0|27.6842|-2.93718
0011|1267.75|1714.46|0|27.75|-2.93718
0011|1265.03|1715.02|0|27.7673|-2.93718
0011|1262.31|1715.59|0|27.7646|-2.93718
0011|1259.6|1716.15|0|27.7131|-2.93718
0011|1256.88|1716.71|0|27.7747|-2.93718
0011|1254.17|1717.28|0|27.658|-2.93718
0011|1251.46|1717.84|0|27.7176|-2.93718
0011|1248.74|1718.4|0|27.7503|-2.93718
0011|1246.03|1718.96|0|27.7036|-2.93718
0011|1243.32|1719.53|0|27.692|-2.93718
0011|1240.61|1720.09|0|27.6633|-2.93718
0011|1237.9|1720.65|0|27.7029|-2.93718
0011|1235.19|1721.21|0|27.6604|-2.93718
0011|1232.47|1721.78|0|27.7787|-2.93718
0011|1229.75|1722.34|0|27.7324|-2.93718
0011|1227.04|1722.9|0|27.7181|-2.93718
0011|1224.33|1723.46|0|27.659|-2.93718
0011|1221.62|1724.03|0|27.6879|-2.93718
0011|1218.91|1724.59|0|27.709|-2.93718
0011|1216.19|1725.15|0|27.7743|-2.93718
0011|1213.47|1725.71|0|27.7054|-2.93718
0011|1210.76|1726.28|0|27.6657|-2.93718
0011|1208.05|1726.84|0|27.7568|-2.93718
0011|1205.33|1727.4|0|27.7124|-2.93718
0011|1202.61|1727.96|0|27.7649|-2.93718
0011|1199.89|1728.53|0|27.776|-2.93718
0011|1197.18|1729.09|0|27.7482|-2.93718
0011|1194.46|1729.66|0|27.7508|-2.93718
0011|1191.74|1730.22|0|27.7638|-2.93718
0011|1189.03|1730.78|0|27.656|-2.93718
0011|1186.32|1731.34|0|27.751|-2.93718
0011|1183.6|1731.91|0|27.7043|-2.93718
0011|1180.89|1732.47|0|27.7098|-2.93718
0011|1178.17|1733.03|0|27.766|-2.93718
0011|1175.46|1733.59|0|27.6671|-2.93718
0011|1172.75|1734.16|0|27.7426|-2.93718
0011|1170.04|1734.72|0|27.6767|-2.93775
0011|1167.32|1735.27|0|27.7206|-2.9389
0011|1164.6|1735.83|0|27.7758|-2.93926
0011|1161.88|1736.39|0|27.7773|-2.93926
0011|1159.17|1736.95|0|27.6892|-2.93926
0011|1156.45|1737.5|0|27.7265|-2.93926
0011|1153.73|1738.06|0|27.7739|-2.93926
0011|1151.01|1738.62|0|27.7164|-2.93926
0011|1148.31|1739.17|0|27.6503|-2.93926
0011|1145.59|1739.73|0|27.7483|-2.93926
0011|1142.88|1740.29|0|27.6781|-2.93926
0011|1140.16|1740.84|0|27.7035|-2.93926
0011|1137.44|1741.4|0|27.7499|-2.93926
0011|1134.73|1741.96|0|27.6821|-2.93926
0011|1132.02|1742.51|0|27.7163|-2.93926
0011|1129.3|1743.07|0|27.7493|-2.93926
0011|1126.59|1743.63|0|27.6833|-2.93926
0011|1123.87|1744.19|0|27.6993|-2.93926
0011|1121.17|1744.75|0|27.6708|-2.93689
0011|1118.46|1745.32|0|27.6968|-2.93432
0011|1115.74|1745.89|0|27.7502|-2.93432
0011|1113.03|1746.46|0|27.6567|-2.93432
0011|1110.32|1747.03|0|27.7626|-2.93432
0011|1107.61|1747.6|0|27.6788|-2.93432
0011|1104.9|1748.17|0|27.659|-2.93432
0011|1102.19|1748.74|0|27.6697|-2.93432
0011|1099.48|1749.31|0|27.6928|-2.93432
0011|1096.77|1749.88|0|27.7162|-2.93432
0011|1094.06|1750.45|0|27.6661|-2.93432
0011|1091.35|1751.02|0|27.7559|-2.93432
0011|1088.63|1751.59|0|27.7498|-2.93432
0011|1085.93|1752.16|0|27.6505|-2.93432
0011|1083.21|1752.73|0|27.7633|-2.93432
0011|1080.49|1753.31|0|27.7632|-2.93446
0011|1077.78|1753.87|0|27.7345|-2.93502
0011|1075.06|1754.44|0|27.7187|-2.93534
0011|1072.35|1755.01|0|27.7471|-2.93581
0011|1069.63|1755.57|0|27.7711|-2.93618
0011|1066.91|1756.14|0|27.7705|-2.93618
0011|1064.2|1756.7|0|27.6573|-2.93618
0011|1061.49|1757.27|0|27.6962|-2.93618
0011|1058.78|1757.83|0|27.6546|-2.93618
0011|1056.07|1758.4|0|27.7473|-2.93618
0011|1053.35|1758.96|0|27.6865|-2.93618
0011|1050.64|1759.53|0|27.7215|-2.93618
0011|1047.92|1760.1|0|27.7345|-2.93618
0011|1045.21|1760.66|0|27.7425|-2.93618
0011|1042.49|1761.23|0|27.7469|-2.93618
0011|1039.78|1761.79|0|27.6602|-2.93618
0011|1037.07|1762.36|0|27.7455|-2.93618
0011|1034.35|1762.92|0|27.7215|-2.93618
0011|1031.64|1763.49|0|27.7635|-2.93618
0011|1028.93|1764.05|0|27.6656|-2.93618
0011|1026.21|1764.62|0|27.7116|-2.93618
0011|1023.49|1765.19|0|27.7743|-2.93618
0011|1020.78|1765.75|0|27.7616|-2.93618
0011|1018.06|1766.32|0|27.7103|-2.93618
0011|1015.52|1767.24|0|27.7388|-2.85849
0011|1013.38|1768.97|0|27.7211|-2.59101
0011|1010.67|1769.54|0|27.6985|-2.72704
0011|1007.95|1770.11|0|27.7376|-2.93606
0011|1005.24|1770.67|0|27.6854|-2.93606
0011|1002.53|1771.24|0|27.741|-2.93606
0011|999.81|1771.8|0|27.7768|-2.93606
0011|997.094|1772.37|0|27.7453|-2.93606
0011|994.38|1772.94|0|27.7241|-2.93606
0011|991.663|1773.5|0|27.7541|-2.93606
0011|988.952|1774.07|0|27.6952|-2.93606
0011|986.339|1774.61|0|27.716|-2.93644
0011|983.632|1775.17|0|27.6691|-2.9374
0011|980.915|1775.73|0|27.7351|-2.93775
0011|978.199|1776.29|0|27.7182|-2.93864
0011|975.482|1776.85|0|27.737|-2.93907
0011|972.773|1777.4|0|27.654|-2.93907
0011|970.052|1777.96|0|27.7714|-2.93907
0011|967.334|1778.52|0|27.7455|-2.93907
0011|964.612|1779.08|0|27.7782|-2.93907
0011|961.891|1779.64|0|27.7782|-2.93907
0011|959.181|1780.19|0|27.6615|-2.93907
0011|956.465|1780.75|0|27.7171|-2.93907
0011|953.749|1781.31|0|27.7262|-2.93907
0011|951.031|1781.87|0|27.7467|-2.93907
0011|948.318|1782.42|0|27.692|-2.93907
0011|945.607|1782.98|0|27.6729|-2.93907
0011|942.891|1783.54|0|27.7212|-2.93907
0011|940.172|1784.1|0|27.7497|-2.93907
0011|937.453|1784.66|0|27.7539|-2.93907
0011|934.734|1785.2|0|27.7396|-2.94124
0011|932.017|1785.71|0|27.6592|-2.95188
0011|929.298|1786.21|0|27.6771|-2.95831
0011|926.544|1786.5|0|27.7641|-3.00158
0011|923.776|1786.47|0|27.687|-3.10748
0011|921.01|1786.29|0|27.7174|3.09974
0011|918.265|1785.93|0|27.7075|3.03989
0011|915.577|1785.25|0|27.7681|2.94194
0011|913.013|1784.22|0|27.6884|2.80856
0011|910.537|1782.98|0|27.7502|2.70259
0011|908.191|1781.51|0|27.7256|2.6201
0011|906.139|1779.67|0|27.6909|2.48298
0011|904.32|1777.57|0|27.7793|2.33182
0011|902.668|1775.36|0|27.7116|2.23993
0011|901.142|1773.03|0|27.7785|2.17216
0011|899.699|1770.67|0|27.7085|2.13356
0011|898.354|1768.24|0|27.7135|2.0923
0011|897.01|1765.82|0|27.6718|2.07755
0011|895.662|1763.39|0|27.7692|2.07755
0011|894.331|1760.96|0|27.7721|2.07356
0011|893.035|1758.5|0|27.7734|2.0615
0011|891.745|1756.05|0|27.6624|2.05586
0011|890.455|1753.6|0|27.6545|2.05586
0011|889.107|1751.18|0|27.6953|2.0687
0011|887.753|1748.77|0|27.6683|2.08254
0011|886.402|1746.36|0|27.6967|2.08183
0011|885.056|1743.93|0|27.7602|2.07872
0011|883.71|1741.5|0|27.7761|2.07667
0011|882.364|1739.07|0|27.7799|2.07667
0011|881.024|1736.65|0|27.6617|2.07667
0011|879.684|1734.23|0|27.6576|2.07667
0011|878.338|1731.8|0|27.7764|2.07667
0011|876.993|1729.37|0|27.7438|2.07667
0011|875.648|1726.95|0|27.7559|2.07667
0011|874.303|1724.52|0|27.7558|2.07667
0011|872.963|1722.1|0|27.6635|2.07667
0011|871.621|1719.68|0|27.6901|2.07667
0011|870.39|1717.19|0|27.7635|2.05105
0011|869.17|1714.69|0|27.7658|2.02553
0011|867.952|1712.2|0|27.7283|2.02553
0011|866.734|1709.71|0|27.7456|2.02553
0011|865.518|1707.22|0|27.6812|2.02553
0011|864.246|1704.77|0|27.6532|2.03838
0011|862.909|1702.34|0|27.7068|2.06548
0011|861.572|1699.92|0|27.6969|2.07444
0011|860.236|1697.49|0|27.685|2.07444
0011|858.899|1695.07|0|27.7123|2.07444
0011|857.559|1692.63|0|27.7549|2.07444
0011|856.221|1690.21|0|27.7283|2.07444
0011|854.875|1687.78|0|27.7264|2.0763
0011|853.525|1685.37|0|27.6793|2.07953
0011|852.173|1682.95|0|27.7152|2.08028
0011|850.819|1680.52|0|27.7617|2.08028
0011|849.466|1678.1|0|27.7483|2.08028
0011|848.117|1675.69|0|27.6542|2.08028
0011|846.768|1673.27|0|27.6503|2.08028
0011|845.419|1670.86|0|27.6681|2.08028
0011|844.068|1668.44|0|27.6928|2.08028
0011|842.717|1666.02|0|27.6997|2.08028
0011|841.368|1663.61|0|27.6651|2.08028
0011|840.014|1661.18|0|27.7744|2.08028
0011|838.661|1658.76|0|27.7289|2.08028
0011|837.311|1656.34|0|27.6889|2.08028
0011|835.962|1653.93|0|27.6598|2.08028
0011|834.613|1651.51|0|27.6613|2.08028
0011|833.259|1649.09|0|27.7473|2.08028
0011|831.911|1646.67|0|27.7118|2.07963
0011|830.564|1644.24|0|27.7595|2.07793
0011|829.219|1641.82|0|27.734|2.0772
0011|827.876|1639.4|0|27.6777|2.0772
0011|826.53|1636.97|0|27.7644|2.0772
0011|825.18|1634.56|0|27.6535|2.07916
0011|823.827|1632.14|0|27.6819|2.08156
0011|822.469|1629.72|0|27.7719|2.08156
0011|821.117|1627.31|0|27.6649|2.08156
0011|819.832|1624.84|0|27.767|2.06512
0011|818.578|1622.37|0|27.767|2.04163
0011|817.326|1619.89|0|27.7387|2.03927
0011|816.076|1617.42|0|27.6813|2.03927
0011|814.825|1614.95|0|27.7116|2.03927
0011|813.841|1612.36|0|27.7778|1.98061
0011|812.981|1609.73|0|27.6884|1.89615
0011|812.222|1607.07|0|27.6543|1.86609
0011|811.725|1604.35|0|27.6558|1.79111
0011|811.259|1601.62|0|27.7|1.74501
0011|810.915|1598.87|0|27.7647|1.71375
0011|810.679|1596.11|0|27.7082|1.67348
0011|810.434|1593.34|0|27.7337|1.656
0011|810.189|1590.58|0|27.7415|1.6592
0011|809.916|1587.82|0|27.7454|1.6648
0011|809.644|1585.06|0|27.6592|1.66926
0011|809.352|1582.31|0|27.675|1.67321
0011|809.058|1579.55|0|27.7454|1.67709
0011|808.764|1576.79|0|27.7587|1.67709
0011|808.542|1574.07|0|27.3087|1.66336
0011|808.352|1571.39|0|26.8587|1.64436
0011|808.165|1568.76|0|26.4087|1.64173
0011|807.977|1566.11|0|26.5682|1.64173
0011|807.792|1563.51|0|26.1182|1.64173
0011|807.61|1560.95|0|25.6682|1.64175
0011|807.363|1558.44|0|25.2182|1.65529
0011|807.131|1555.97|0|24.7682|1.66666
0011|806.923|1553.55|0|24.3182|1.66086
0011|806.718|1551.17|0|23.8682|1.65665
0011|806.535|1548.84|0|23.4182|1.65305
0011|806.395|1546.48|0|23.6186|1.64066
0011|806.286|1544.17|0|23.1686|1.62454
0011|806.214|1541.9|0|22.7186|1.61194
0011|806.143|1539.67|0|22.2686|1.6027
0011|806.19|1537.49|0|21.8186|1.5793
0011|806.376|1535.37|0|21.3686|1.5283
0011|806.749|1533.31|0|20.9186|1.45463
0011|807.115|1531.29|0|20.4686|1.39147
0011|807.938|1529.4|0|20.6798|1.29611
0011|808.764|1527.55|0|20.2298|1.19831
0011|809.859|1525.88|0|20.0213|1.08687
0011|810.965|1524.22|0|19.9043|1.01955
0011|812.097|1522.61|0|19.7264|0.972654
0011|813.488|1521.22|0|19.7058|0.895878
0011|814.873|1519.83|0|19.6218|0.819294
0011|816.435|1518.68|0|19.4103|0.728074
0011|817.99|1517.55|0|19.2017|0.666593
0011|819.698|1516.65|0|19.2833|0.571406
0011|821.44|1515.89|0|19.0841|0.49046
0011|823.226|1515.28|0|18.8503|0.396786
0011|825.032|1514.78|0|18.8132|0.319888
0011|826.869|1514.45|0|18.6575|0.25082
0011|828.696|1514.12|0|18.5541|0.195531
0011|830.417|1513.9|0|18.3535|0.158604
0011|832.234|1513.73|0|18.2562|0.12844
0011|834.039|1513.62|0|18.091|0.0889444
0011|835.829|1513.51|0|17.9339|0.0685298
0011|837.606|1513.39|0|17.8149|0.0632332
0011|839.376|1513.25|0|17.755|0.069735
0011|841.128|1513.11|0|17.5752|0.076171
0011|842.868|1512.96|0|17.4639|0.08078
0011|844.582|1512.77|0|17.2557|0.0928869
0011|846.274|1512.51|0|17.1123|0.117117
0011|847.931|1512.18|0|16.9103|0.154805
0011|849.567|1511.8|0|16.7989|0.19247
0011|851.142|1511.34|0|16.4777|0.237195
0011|852.65|1510.68|0|16.4586|0.308008
0011|854.136|1510.03|0|16.2129|0.36718
0011|855.513|1509.2|0|16.1042|0.453973
0011|856.86|1508.35|0|15.9364|0.502304
0011|858.153|1507.47|0|15.6421|0.560917
0011|859.434|1506.59|0|15.5008|0.585479
0011|860.685|1505.74|0|15.141|0.596865
0011|861.865|1504.82|0|15.1302|0.617434
0011|862.825|1503.74|0|14.6995|0.688416
0011|864.049|1504.12|0|14.4779|0.468573
0011|864.733|1505.35|0|14.2864|-0.0294954
0011|865.275|1506.65|0|13.8364|-0.681349
0011|866.038|1507.86|0|13.8686|-1.0256
0011|866.799|1509.08|0|13.847|-1.079
0011|867.556|1510.29|0|13.7738|-1.03714
0011|868.315|1511.5|0|13.807|-1.01171
0011|869.074|1512.72|0|13.8152|-1.01171
0011|869.836|1513.94|0|13.8535|-1.01171
0011|870.597|1515.15|0|13.8566|-1.01171
0011|871.332|1516.28|0|13.7668|-1.00729
0011|872.122|1517.46|0|13.8592|-0.998284
0011|872.889|1518.61|0|13.7953|-0.990374
0011|873.65|1519.76|0|13.8317|-0.982749
0011|874.413|1520.91|0|13.8471|-0.983576
0011|875.174|1522.06|0|13.8376|-0.984991
0011|875.955|1523.24|0|13.7871|-0.985283
0011|876.897|1524.68|0|13.881|-0.987506
0011|877.839|1526.12|0|13.8759|-0.989463
0011|878.635|1527.63|0|13.7674|-1.02389
0011|879.408|1529.16|0|13.839|-1.06223
